evt LepGood1_charge LepGood2_charge LepGood1_convVeto LepGood2_convVeto LepGood1_lostHits LepGood2_lostHits LepGood1_mvaTTH LepGood2_mvaTTH LepGood1_pdgId LepGood2_pdgId LepGood1_pt LepGood2_pt LepGood1_tightCharge LepGood2_tightCharge met_pt mhtJet25 minMllAFAS nBJetLoose25 nBJetMedium25 nJet25 nLepGood10
2270 1 1 1 1 0 0 0.977170586586 -0.862716674805 -13 -13 87.6411209106 6.37552261353 2 2 121.501358032 91.8655319214 59.2856903076 2 2 5 1
2295 -1 -1 1 1 0 0 0.968991219997 0.955015063286 13 13 154.955307007 96.4555358887 2 2 102.923316956 104.846244812 209.766983032 2 1 5 2
2597 -1 -1 1 1 0 0 0.522828221321 0.959254205227 13 13 57.5254821777 46.4981536865 2 2 42.4589157104 33.0788421631 82.0608520508 3 1 5 2
2600 1 1 1 1 0 0 0.072267703712 0.973443210125 -13 -13 49.6547813416 20.9451293945 2 2 128.925857544 72.2421722412 30.5104084015 1 1 6 2
11753 1 1 1 1 0 0 -0.136230543256 -0.436389267445 -13 -13 9.56281089783 5.91876173019 2 2 121.703224182 138.952865601 7.45494699478 3 1 5 0
11798 -1 -1 1 1 1 0 0.976342380047 0.928604364395 13 13 86.7814331055 42.6931037903 2 2 188.834609985 169.158096313 79.6081085205 2 1 8 2
19228 -1 -1 1 1 0 0 0.984036326408 -0.561485350132 13 13 143.092544556 5.32456922531 2 2 80.9716720581 106.332801819 46.7135848999 2 0 5 1
20174 1 1 1 1 0 0 0.981579065323 0.973657906055 -13 -13 81.6091842651 29.8828792572 2 2 141.422683716 77.7381515503 95.2758865356 2 0 5 2
199804 1 1 1 1 0 0 0.978864908218 0.0676011741161 -13 -13 19.5807628632 12.7090854645 2 2 71.9937973022 71.6482467651 28.3645553589 5 4 6 2
23327 -1 -1 1 1 0 0 0.826095700264 0.947455227375 13 13 60.0669136047 18.750459671 2 2 117.102455139 150.032104492 65.4051208496 1 1 2 2
23362 -1 -1 1 1 0 0 0.95878213644 0.962982535362 13 13 44.3094940186 29.5592079163 2 2 24.0598621368 56.1149559021 71.442527771 3 3 3 2
42582 -1 -1 1 1 0 0 -0.157778307796 -0.511740624905 13 13 40.3900756836 25.3121128082 2 2 64.5959320068 47.0023269653 1.68105530739 2 2 3 2
58314 -1 -1 1 1 0 0 0.985770881176 0.912298798561 13 13 120.136863708 17.6406764984 2 2 299.73324585 168.670776367 21.7266960144 2 1 4 2
58391 -1 -1 1 1 0 0 0.974608242512 0.97883272171 13 13 104.670631409 24.8823242188 2 2 87.1734695435 85.4668579102 133.02204895 2 1 5 2
70902 -1 -1 1 1 0 0 0.952018558979 0.870063960552 13 13 57.122379303 27.4727077484 2 2 79.2681045532 55.9063224792 80.6303405762 0 0 5 2
70931 -1 -1 1 1 0 0 0.914428770542 0.970860362053 13 13 88.2545471191 72.9055328369 2 2 130.408721924 80.2931594849 161.46534729 2 2 5 2
130745 -1 -1 1 1 0 0 0.0298997275531 0.44182023406 13 13 47.6672821045 6.94701814651 2 2 29.1317424774 21.9030990601 54.6758232117 4 2 6 1
130516 -1 -1 1 1 0 0 0.970852315426 0.979006230831 13 13 158.039855957 92.1181488037 2 2 281.810028076 218.18762207 93.357635498 2 1 3 3
196940 -1 -1 1 1 0 0 0.980741024017 0.821246623993 13 13 31.5504608154 25.7160663605 2 2 111.339118958 76.8775177002 56.6988258362 2 1 6 2
196978 1 1 1 1 0 0 0.867589235306 -0.713610053062 -13 -13 23.6844120026 7.59920310974 2 2 113.471694946 40.9901733398 52.4715461731 3 1 4 1
196991 1 1 1 1 0 0 0.9512809515 0.284374386072 -13 -13 17.7854423523 10.4929447174 2 2 166.70010376 151.803405762 42.2262382507 3 1 8 2
178894 1 1 1 1 0 0 0.616621613503 0.920958995819 -13 -13 91.1850814819 72.8065719604 2 2 65.6452102661 108.18712616 11.6438398361 0 0 9 4
182063 1 1 1 1 0 0 0.972297728062 0.455776959658 -13 -13 23.0408859253 13.8015422821 2 2 105.797569275 116.968955994 8.98386001587 0 0 5 2
186749 -1 -1 1 1 0 0 0.978851854801 0.802732825279 13 13 122.428573608 22.7971801758 2 2 10.1597261429 49.8985900879 114.072349548 2 2 5 2
4776 1 1 1 1 0 0 0.927155852318 0.948757171631 -13 -13 37.7813987732 28.0715370178 2 2 53.6388435364 12.2703237534 105.919898987 2 0 4 2
4781 1 1 1 1 0 0 0.734383583069 0.935115039349 -13 -13 86.9038391113 77.6397171021 2 2 149.988983154 129.441085815 43.1916770935 2 1 4 3
8574 -1 -1 1 1 0 0 0.954334974289 0.986885607243 13 13 174.908172607 60.5001373291 2 2 32.7370796204 95.3871688843 25.0981082916 1 1 3 4
8594 1 1 1 1 0 0 0.980090856552 0.511699318886 -13 -13 79.022605896 63.454875946 2 2 81.9452667236 80.213973999 13.5635824203 1 1 1 3
35181 -1 -1 1 1 0 0 0.981308221817 -0.930192649364 13 13 125.584793091 11.8017425537 2 2 31.4409675598 12.2446813583 106.291313171 4 3 5 2
37752 -1 -1 1 1 0 0 -0.0711442232132 -0.587983131409 13 13 19.2734565735 10.2455759048 2 2 42.7512779236 38.8290328979 37.3335952759 1 1 3 2
49526 -1 -1 1 1 0 0 0.980728685856 0.956451714039 13 13 535.574951172 424.500213623 2 2 209.803131104 202.128616333 32.5175704956 1 1 4 3
38398 -1 -1 1 1 0 0 0.985944092274 0.931885898113 13 13 50.7324333191 23.2279090881 2 2 259.129486084 257.950714111 39.0246162415 1 1 5 2
53396 -1 -1 1 1 0 0 0.965576767921 0.213331118226 13 13 34.9553565979 8.28935337067 2 2 50.2616958618 53.4457244873 43.6081008911 2 1 7 1
55735 1 1 1 1 0 0 0.987355709076 -0.76110625267 -13 -13 122.524299622 5.94180774689 2 2 299.679046631 242.312866211 49.496723175 3 2 5 1
55751 -1 -1 1 1 0 0 0.988571584225 -0.253628343344 13 13 52.6727981567 5.74917936325 2 2 210.77571106 147.780990601 29.328792572 1 0 6 1
66029 1 1 1 1 0 0 -0.976594269276 0.978514909744 -13 -13 88.5117645264 68.0887145996 2 2 77.5404281616 58.4278106689 92.1753845215 1 1 3 2
108269 -1 -1 1 1 0 0 0.932376086712 0.986716210842 13 13 46.2753791809 43.0004501343 2 2 85.5425262451 24.8569221497 79.3489074707 2 1 6 2
63875 1 1 1 1 0 0 0.933422446251 -0.854598879814 -13 -13 39.4001731873 6.89261960983 2 2 47.3044891357 71.6411743164 35.7730255127 4 3 5 1
64448 1 1 1 1 0 0 0.929562270641 -0.827699422836 -13 -13 30.0162181854 8.22751140594 2 2 113.263999939 82.1177062988 48.6147384644 1 1 5 1
66373 1 1 1 1 0 0 0.609039187431 0.978701651096 -13 -13 43.4850502014 41.8713989258 2 2 84.7731704712 133.169342041 71.4991455078 0 0 1 2
66398 -1 -1 1 1 0 0 0.944591581821 0.0373553559184 13 13 148.177215576 13.4106683731 2 2 31.1250801086 50.8728218079 73.6269683838 5 3 10 2
88561 -1 -1 1 1 0 0 0.658972740173 0.975910305977 13 13 77.4239578247 52.1097984314 2 2 28.8601112366 102.140190125 123.414375305 1 1 5 2
109339 1 1 1 1 0 0 0.92748683691 0.640933096409 -13 -13 52.6662025452 7.76840114594 2 2 68.8303756714 88.8719940186 36.1246681213 3 1 6 1
109365 -1 -1 1 1 0 0 0.88900411129 0.983163833618 13 13 97.4612884521 95.2836227417 2 2 68.8530883789 71.6170043945 107.020729065 4 1 7 2
82747 -1 -1 1 1 0 0 -0.558814466 0.0012034928659 13 13 119.654602051 57.4363098145 2 2 148.367401123 66.9233627319 4.89382219315 1 0 3 3
84628 1 1 1 1 0 0 0.966533005238 0.977639436722 -13 -13 29.8502254486 20.8101634979 2 2 106.552024841 121.522491455 10.2168445587 2 0 5 2
95228 1 1 1 1 0 0 0.925471186638 0.900253891945 -13 -13 105.812263489 73.665725708 2 2 49.8460922241 118.325538635 94.2424163818 2 0 6 3
116823 1 1 1 1 0 0 0.981691241264 0.944159209728 -13 -13 79.9171142578 33.446308136 2 2 99.7175750732 116.009658813 102.179603577 2 1 5 2
117407 -1 -1 1 1 0 0 0.982077658176 -0.902016460896 13 13 18.3578548431 5.16418170929 2 2 20.6315174103 74.333152771 30.6035442352 3 3 4 1
117450 1 1 1 1 0 0 0.969832420349 0.728236794472 -13 -13 72.7950820923 12.4829330444 2 2 73.1924743652 39.5850028992 20.5165882111 0 0 3 2
127554 -1 -1 1 1 0 0 0.985913336277 0.984914422035 13 13 77.2510528564 61.4177284241 2 2 108.101486206 22.2461090088 13.8288764954 1 0 3 3
127558 1 1 1 1 0 0 0.927739024162 -0.946288228035 -13 -13 134.839324951 21.0994377136 2 2 93.165222168 103.507331848 73.2808914185 1 0 6 2
142909 1 1 1 1 0 0 0.953534424305 0.955195605755 -13 -13 38.0241355896 36.7010803223 2 2 105.899055481 103.920692444 18.445192337 2 1 8 2
142936 1 1 1 1 0 0 0.934305131435 0.784776806831 -13 -13 31.571805954 11.4239358902 2 2 33.7389831543 63.4788627625 21.3850231171 2 1 4 2
142959 -1 -1 1 1 0 0 0.874835729599 0.962669312954 13 13 124.301879883 36.9398612976 2 2 18.7979221344 92.1808013916 168.65071106 2 2 6 2
142988 -1 -1 1 1 0 0 0.942919909954 0.963318943977 13 13 39.4076690674 39.1700286865 2 2 16.5595149994 22.4271526337 53.9790153503 2 2 4 2
142989 1 1 1 1 0 0 0.894394814968 0.773052215576 -13 -13 103.012565613 86.7926483154 2 2 255.470916748 332.374725342 83.6835632324 4 3 6 2
171206 1 1 1 1 0 0 0.878195166588 0.927658498287 -13 -13 39.3372879028 33.735534668 2 2 40.5594902039 23.4457874298 10.6523141861 1 1 4 3
192836 -1 -1 1 1 0 0 0.929249942303 -0.784941732883 13 13 61.6256713867 7.90417337418 2 2 41.4403114319 97.4343566895 33.4431533813 3 2 6 1
192895 1 1 1 1 0 0 0.439083218575 -0.529906690121 -13 -13 14.7590618134 8.13044929504 2 2 95.9766693115 77.0753936768 24.2292289734 4 3 7 1
193218 1 1 1 1 0 0 -0.205691605806 0.147505030036 -13 -13 34.899597168 24.0238418579 2 2 130.228591919 202.876205444 45.7244720459 0 0 2 2
192412 -1 -1 1 1 0 0 0.98645567894 -0.955421805382 13 13 68.0109786987 17.9610366821 2 2 52.7861289978 85.6953735352 64.5477371216 2 2 5 2
5253 -1 -1 1 1 0 0 0.983585894108 0.973447203636 13 13 155.189071655 25.1747703552 2 2 85.8854980469 188.702331543 25.2033233643 2 1 5 3
5257 1 1 1 1 0 0 -0.967526853085 0.911565184593 -13 -13 21.9162197113 21.5249633789 2 2 108.717483521 85.6544570923 47.475151062 2 2 5 2
5283 1 1 1 1 0 0 0.975675225258 0.685444891453 -13 -13 93.6541824341 63.2472305298 2 2 21.3531551361 61.1888313293 137.360076904 0 0 5 2
12555 -1 -1 1 1 1 0 0.977064967155 -0.0144293559715 13 13 53.1864738464 29.4433250427 2 2 117.323730469 112.529693604 78.3098678589 3 0 3 2
7511 -1 -1 1 1 0 0 0.974819004536 0.610213875771 13 13 36.0212631226 14.3235750198 2 2 104.420181274 87.7653121948 68.6033172607 2 1 12 2
40074 1 1 1 1 0 0 -0.157584026456 0.41130644083 -13 -13 36.6997451782 11.4611501694 2 2 241.119644165 257.257751465 43.6002044678 2 1 5 2
80265 1 1 1 1 0 0 0.987262010574 0.942369639874 -13 -13 142.393325806 40.0346984863 2 2 154.392471313 203.829681396 10.4027910233 2 2 5 3
80266 1 1 1 1 0 0 0.954842031002 0.871703445911 -13 -13 24.0574359894 7.964179039 2 2 72.6025390625 46.3932762146 34.0096855164 3 2 6 1
66521 1 1 1 1 0 0 0.950008928776 -0.910460829735 -13 -13 37.8192481995 12.2596263885 2 2 201.31539917 167.391616821 44.4581680298 2 1 6 2
66590 -1 -1 1 1 0 0 0.965491235256 0.964560031891 13 13 27.9690818787 22.9998283386 2 2 59.8475189209 92.7770462036 25.1747398376 2 2 5 2
79441 -1 -1 1 1 0 0 0.98850029707 -0.971600353718 13 13 77.9944000244 17.6023464203 2 2 172.769805908 139.20854187 40.5177459717 3 2 5 2
128937 -1 -1 1 1 0 0 0.946630895138 0.987367749214 13 13 61.2013702393 54.7271690369 2 2 38.9112167358 35.7395820618 73.0919799805 3 1 5 2
128972 1 1 1 1 0 0 0.976625621319 0.809457600117 -13 -13 74.7839508057 48.5605430603 2 2 92.9951248169 68.4883270264 80.7032699585 2 2 2 3
92898 -1 -1 1 1 0 0 0.978262543678 0.974794387817 13 13 160.661895752 39.3590507507 2 2 79.7766799927 67.0927429199 150.287017822 2 0 4 2
111187 1 1 1 1 0 0 0.776463031769 0.934267282486 -13 -13 172.549118042 23.4975280762 2 2 127.934196472 102.666770935 123.160728455 2 2 3 2
138516 1 1 1 1 0 0 0.988714158535 0.988364756107 -13 -13 86.1198196411 40.6549758911 2 2 19.0865783691 28.1401233673 113.086555481 3 2 6 2
134825 -1 -1 1 1 0 0 0.86769837141 -0.0948360487819 13 13 18.896654129 9.29703807831 2 2 225.797958374 275.432922363 9.69885921478 4 3 7 1
145335 -1 -1 1 1 0 0 0.925821244717 0.982219159603 13 13 46.1369934082 25.3520793915 2 2 99.928062439 85.9259109497 27.2010269165 1 0 6 2
139315 -1 -1 1 1 0 0 0.874362468719 0.514695763588 13 13 50.9580917358 48.2930488586 2 2 119.649719238 37.2099761963 62.8932533264 2 1 5 2
171752 1 1 1 1 0 0 0.983826458454 0.95781904459 -13 -13 105.305656433 62.0648918152 2 2 44.4355583191 118.159805298 8.23876857758 1 1 5 3
175856 1 1 1 1 0 0 0.944618463516 -0.650699973106 -13 -13 214.45892334 5.54715776443 2 2 62.0085144043 61.0639305115 26.0652751923 4 3 8 1
175883 -1 -1 1 1 0 0 0.978446185589 -0.981608271599 13 13 79.1909179688 40.2219810486 2 2 27.8707370758 55.7256317139 33.6250991821 3 2 4 3
178439 -1 -1 1 1 0 0 0.704483091831 -0.632255256176 13 13 35.6524200439 5.18252897263 2 2 84.2628936768 110.284675598 25.9336433411 2 1 4 1
178459 1 1 1 1 0 0 0.977185547352 0.977432549 -13 -13 102.760917664 66.1923751831 2 2 112.671257019 100.282875061 54.9276847839 3 1 5 3
178475 1 1 1 1 0 0 -0.969899117947 -0.656655550003 -13 -13 107.360740662 17.1150627136 2 2 30.573343277 205.032058716 39.7364883423 1 1 5 2
6761 -1 -1 1 1 0 0 0.866691768169 0.964080810547 13 13 36.6585693359 32.1798095703 2 2 24.0453739166 48.0985450745 13.6563034058 2 0 3 3
20742 -1 -1 1 1 0 0 0.976673901081 0.971390902996 13 13 62.719707489 35.4049758911 2 2 24.8875102997 6.6512298584 53.1533813477 2 1 5 2
24329 1 1 1 1 0 0 0.984263062477 0.93683552742 -13 -13 53.3248023987 28.2160968781 2 2 102.389099121 148.43359375 24.306936264 2 1 6 2
29910 -1 -1 1 1 0 0 0.988057553768 -0.263070195913 13 13 72.6987915039 8.26294231415 2 2 17.7636146545 71.3501663208 67.9615783691 3 2 4 1
30748 -1 -1 1 1 0 1 0.933771967888 0.979517936707 13 13 90.0397567749 37.1488838196 2 2 27.0903606415 30.3915100098 135.444869995 1 0 3 2
70521 -1 -1 1 1 0 0 0.654964566231 0.436553478241 13 13 10.0531902313 8.40037155151 2 2 114.028213501 103.068450928 21.0965080261 2 2 6 1
96059 1 1 1 1 0 0 0.979293823242 -0.953370392323 -13 -13 46.3143348694 34.9469146729 2 2 50.5422592163 61.1391410828 36.510017395 4 3 6 2
96085 -1 -1 1 1 0 0 -0.988702595234 0.968952298164 13 13 29.4954471588 23.093044281 2 2 111.816696167 58.3719291687 53.876411438 4 3 8 2
89620 -1 -1 1 1 0 0 0.117908015847 0.933863401413 13 13 33.0250663757 16.4601020813 2 2 187.728210449 167.156600952 55.4902801514 2 1 7 2
75372 -1 -1 1 1 0 0 0.953717470169 0.871281266212 13 13 54.5838241577 21.729850769 2 2 109.729705811 89.5767593384 22.7477455139 2 0 6 2
82982 -1 -1 1 1 0 0 0.97817915678 -0.721781373024 13 13 19.6261024475 5.08894538879 2 2 252.085464478 249.383682251 33.5200309753 2 0 4 1
156610 -1 -1 1 1 0 0 0.97951990366 -0.930460512638 13 13 33.2434959412 29.5622730255 2 2 60.1813659668 73.9247970581 36.2934112549 2 2 3 3
156935 -1 -1 1 1 0 0 0.476607769728 0.348265826702 13 13 14.4832668304 9.51595878601 2 2 132.748886108 113.557647705 23.105260849 2 1 3 1
149702 1 1 1 1 0 0 0.986704826355 -0.89813876152 -13 -13 76.3376235962 7.20562744141 2 2 138.958114624 152.133071899 32.2527618408 4 3 6 1
197926 -1 -1 1 1 0 0 0.988268494606 0.454648911953 13 13 97.6237792969 15.4252586365 2 2 36.9247322083 92.8202056885 54.2075233459 1 1 2 2
191247 1 1 1 1 0 0 0.986704826355 -0.858722388744 -13 -13 53.6597709656 9.41452217102 2 2 150.647598267 109.273963928 53.2224731445 3 3 5 1
198505 -1 -1 1 1 0 0 0.935081779957 -0.610224127769 13 13 20.8820724487 7.39525127411 2 2 104.394638062 146.003128052 8.78548049927 3 3 5 1
198565 1 1 1 1 0 0 0.972738862038 0.928369581699 -13 -13 30.1895332336 21.2745914459 2 2 48.1612358093 100.184074402 38.5741577148 2 1 3 2
198578 1 1 1 1 0 0 0.949422001839 -0.801192224026 -13 -13 124.750923157 61.9573326111 2 2 94.6606140137 116.158203125 9.85502529144 2 2 4 3
198636 -1 -1 1 1 0 0 0.981136143208 -0.855199098587 13 13 38.5023651123 16.3018722534 2 2 36.35313797 58.9824256897 37.1640548706 1 0 5 2
198666 1 1 1 1 0 0 0.892939686775 -0.872195482254 -13 -13 66.7490997314 6.16822528839 2 2 56.5240592957 292.469604492 16.1680202484 2 2 4 1
198700 -1 -1 1 1 0 0 0.52445936203 0.280343025923 13 13 12.5310373306 11.7019910812 2 2 15.3361387253 42.2379112244 11.646903038 2 2 4 2
195086 1 1 1 1 0 0 0.968994259834 0.901042819023 -13 -13 69.8803710938 41.7485961914 2 2 198.199005127 229.529663086 115.818771362 3 2 5 2
199029 1 1 1 1 0 0 0.738219738007 -0.96477752924 -13 -13 82.608833313 19.3990573883 2 2 144.490966797 159.761550903 60.7653427124 1 1 2 2
199079 1 1 1 1 0 0 0.372942149639 0.988946855068 -13 -13 52.5064735413 38.3382339478 2 2 130.125411987 103.422813416 85.9875335693 4 1 6 2
199084 -1 -1 1 1 0 0 0.934036493301 -0.44587624073 13 13 94.1164855957 15.7161483765 2 2 123.087257385 55.3503913879 114.442451477 1 0 3 2
8012 -1 -1 1 1 0 0 -0.432440131903 0.90740352869 13 13 62.1130561829 28.0163154602 2 2 48.9843063354 129.894485474 16.2898349762 1 1 4 4
15712 -1 -1 1 1 0 0 0.61364287138 0.409791201353 13 13 17.0890712738 9.12805080414 2 2 149.410232544 166.576675415 35.2795219421 2 2 5 1
28046 -1 -1 1 1 0 0 0.98574835062 -0.99028390646 13 13 126.272766113 28.8655986786 2 2 25.0481109619 45.61170578 184.014923096 4 3 8 2
28059 -1 -1 1 1 0 0 0.841494083405 0.697392106056 13 13 22.0370178223 15.3451652527 2 2 124.156784058 86.142326355 48.4223480225 2 1 6 2
93819 1 1 1 1 0 0 -0.500455141068 0.790853917599 -13 -13 44.0991134644 18.64544487 2 2 70.4447937012 219.484558105 68.1585845947 2 1 5 2
93892 -1 -1 1 1 0 0 0.174861222506 -0.433212071657 13 13 38.8813896179 12.5421075821 2 2 76.1195602417 147.493759155 106.506034851 1 1 5 2
65271 -1 -1 1 1 0 0 0.919217407703 0.729910314083 13 13 101.380088806 23.5532283783 2 2 39.2654647827 34.5172309875 131.5519104 2 1 5 2
65279 1 1 1 1 0 0 0.0255653057247 0.975851535797 -13 -13 30.9396648407 21.0979862213 2 2 151.008850098 201.822021484 18.199508667 4 2 9 2
65802 -1 -1 1 1 0 0 0.978265762329 0.974353671074 13 13 100.92767334 93.4236373901 2 2 90.6395339966 69.6708068848 277.595489502 1 1 8 2
65044 -1 -1 1 1 0 0 0.963540971279 0.868505418301 13 13 89.8696670532 22.5186882019 2 2 54.2055969238 40.156627655 30.0453987122 1 1 7 2
65055 1 1 1 1 0 0 0.938797473907 0.704145610332 -13 -13 20.7304992676 19.878112793 2 2 92.9253997803 30.249830246 70.3851470947 2 2 4 2
65118 1 1 1 1 0 1 0.842494547367 0.780987620354 -13 -13 14.0040445328 13.6479787827 2 2 33.7810020447 45.7998847961 5.1539812088 2 0 3 2
73723 1 1 1 1 0 0 0.845499873161 0.978100895882 -13 -13 54.8509216309 43.6731491089 2 2 88.6748199463 38.4581642151 12.4951581955 3 3 4 4
148327 1 1 1 1 0 0 0.987121403217 -0.702947676182 -13 -13 88.3159179688 7.20142889023 2 2 67.041519165 67.4491500854 45.0519218445 2 2 6 1
148352 -1 -1 1 1 0 0 0.970583498478 0.958264827728 13 13 31.4538974762 30.4828567505 2 2 147.627639771 139.158370972 44.3388137817 2 0 4 3
107973 1 1 1 1 0 0 0.968822538853 -0.0226099472493 -13 -13 29.665397644 9.08611965179 2 2 33.208190918 40.7494812012 61.9633369446 3 2 9 1
107985 1 1 1 1 0 0 0.617799460888 -0.0595856979489 -13 -13 42.7444915771 39.8178520203 2 2 70.513885498 109.577217102 30.8772525787 2 2 4 2
140432 -1 -1 1 1 0 0 -0.88764166832 0.301823318005 13 13 26.3756771088 25.7168254852 2 2 57.3208656311 55.4878349304 21.3395900726 3 2 6 2
141673 1 1 1 1 0 0 0.89431989193 -0.83135843277 -13 -13 50.9200592041 7.05263948441 2 2 248.372848511 154.991073608 44.1106452942 1 1 7 1
173679 -1 -1 1 1 0 0 0.469161748886 0.92833083868 13 13 44.9198875427 16.4099407196 2 2 80.8223876953 262.305023193 64.2118835449 3 1 7 2
175321 -1 -1 1 1 0 0 0.961240172386 0.67629379034 13 13 146.349258423 53.7707176208 2 2 85.6281204224 231.85597229 67.995223999 2 0 3 2
172886 1 1 1 1 0 0 0.985996723175 0.97647768259 -13 -13 76.5872650146 26.8576526642 2 2 63.3870048523 79.3963699341 56.3525886536 3 0 6 2
172900 -1 -1 1 1 0 0 0.982686936855 0.580862164497 13 13 34.2765197754 11.5969600677 2 2 195.933731079 216.129852295 52.5822753906 1 0 5 2
12195 -1 -1 1 1 0 0 0.978599786758 -0.571530401707 13 13 83.2161026001 7.67871046066 2 2 257.41519165 291.565032959 38.5149497986 5 2 6 1
12197 1 1 1 1 0 1 0.96512812376 -0.822016060352 -13 -13 33.4278450012 12.9061765671 2 2 153.676116943 127.06893158 46.0805549622 3 1 3 2
29475 1 1 1 1 0 0 0.973156869411 0.808274447918 -13 -13 51.5169677734 14.1172657013 2 2 63.9617500305 42.6905593872 89.6339645386 3 2 6 2
44377 1 1 1 1 0 0 0.983516037464 -0.804685890675 -13 -13 62.106754303 16.9983959198 2 2 55.671875 146.696426392 81.6174468994 2 1 3 2
51982 1 1 1 1 0 0 0.978399038315 0.206804394722 -13 -13 105.801704407 11.0571279526 2 2 48.1674728394 18.2979106903 121.969184875 6 3 10 2
68755 -1 -1 1 1 0 0 0.971595346928 -0.121133029461 13 13 48.6912651062 17.6390991211 2 2 97.392578125 208.899963379 37.7698135376 2 2 5 2
68788 -1 -1 1 1 0 0 0.942009270191 0.691317498684 13 13 27.7793178558 10.4203767776 2 2 82.8327102661 80.1498413086 39.4032554626 0 0 4 2
70112 1 1 1 1 0 0 0.946133673191 -0.192251324654 -13 -13 19.9947910309 7.60759782791 2 2 106.154663086 101.156089783 24.4256839752 4 3 7 1
70152 1 1 1 1 0 0 0.958757579327 0.962368071079 -13 -13 22.7774372101 18.9037761688 2 2 122.561759949 68.4698791504 21.573091507 0 0 1 2
18811 -1 -1 1 1 0 0 0.987362504005 -0.970144152641 13 13 39.8307037354 15.3815841675 2 2 128.252029419 65.9751434326 91.5057907104 2 1 2 2
18899 1 1 1 1 0 0 0.863437592983 -0.880047857761 -13 -13 38.8675498962 7.00877952576 2 2 33.0449142456 18.0875682831 13.6607675552 3 1 7 1
26331 1 1 1 1 0 0 0.833307147026 0.845739781857 -13 -13 32.3530273438 15.3896684647 2 2 88.9228668213 85.2509307861 15.5926866531 3 1 4 2
26391 1 1 1 1 0 0 0.82535982132 0.79144769907 -13 -13 32.448589325 17.1834468842 2 2 87.9967422485 73.9648666382 59.5645561218 2 2 4 2
30201 1 1 1 1 0 0 0.969601392746 -0.990218698978 -13 -13 52.6656951904 39.4148597717 2 2 112.75643158 147.586791992 50.7761573792 2 1 6 2
31549 1 1 1 1 0 0 0.740204691887 -0.9234598279 -13 -13 39.4105758667 20.4977588654 2 2 76.5915603638 186.4793396 19.9263935089 2 1 6 2
31597 1 1 1 1 0 0 0.913149178028 0.978991746902 -13 -13 21.4223308563 21.3083534241 2 2 59.5453300476 104.370811462 55.1429710388 3 1 4 2
95337 -1 -1 1 1 0 0 0.976656615734 0.797104120255 13 13 31.6221828461 23.2215003967 2 2 46.6634864807 45.9424972534 16.6359786987 3 2 5 3
95376 -1 -1 1 1 0 0 0.792740106583 0.84997433424 13 13 108.449333191 52.9269599915 2 2 23.3963260651 41.3529243469 29.0388259888 1 0 4 2
132503 -1 -1 1 1 0 0 0.98958081007 -0.00465399539098 13 13 57.2387123108 30.6160125732 2 2 126.352058411 116.627227783 88.1466445923 3 2 4 2
132584 1 1 1 1 0 0 0.97026860714 0.969617187977 -13 -13 185.887283325 93.8621292114 2 2 92.2453460693 54.6191520691 54.7855949402 3 2 5 3
149149 1 1 1 1 0 0 0.971052646637 -0.300707399845 -13 -13 56.2923583984 16.3052940369 2 2 95.5611038208 130.196029663 102.122917175 2 2 5 2
149169 1 1 1 1 0 0 0.952453732491 0.982985973358 -13 -13 48.5212936401 48.3023490906 2 2 32.5745239258 53.21641922 173.762771606 1 1 2 2
135562 -1 -1 1 1 0 0 0.985504567623 0.907097637653 13 13 34.1911277771 13.7048139572 2 2 41.6174926758 51.2468299866 44.9533157349 1 1 4 2
135567 -1 -1 1 1 0 0 0.983313202858 0.957765758038 13 13 44.0443878174 20.3781414032 2 2 112.54372406 120.056282043 36.9416046143 0 0 5 2
143513 1 1 1 1 0 0 0.938990652561 0.951984882355 -13 -13 52.5173225403 49.9841957092 2 2 115.289253235 84.6752700806 89.6351623535 2 2 3 2
158279 -1 -1 1 1 0 0 0.990327060223 -0.682609021664 13 13 79.9856643677 23.95703125 2 2 76.6389389038 113.369651794 89.6453018188 3 1 5 2
37881 1 1 1 1 0 0 0.981986522675 0.916419267654 -13 -13 136.151473999 63.4816436768 2 2 22.5529384613 22.0149250031 92.4268493652 1 0 6 3
37897 -1 -1 1 1 0 0 0.93795144558 -0.976044893265 13 13 33.6779594421 30.4064064026 2 2 8.5175075531 36.3663749695 79.8605270386 1 1 7 2
107572 1 1 1 1 0 0 0.985586702824 0.932605922222 -13 -13 137.113586426 26.2793045044 2 2 111.783966064 64.4909210205 134.005889893 2 1 4 2
93184 1 1 1 1 0 0 -0.604405522346 0.986247777939 -13 -13 116.147293091 56.9669647217 2 2 124.050369263 121.537239075 72.8572235107 1 1 2 3
50594 -1 -1 1 1 0 0 0.966538250446 -0.47006931901 13 13 209.499572754 22.576593399 2 2 224.667266846 220.715255737 144.220962524 2 2 4 2
145277 -1 -1 1 1 0 0 0.921818196774 0.963567197323 13 13 31.7955989838 27.9485778809 2 2 72.0597076416 78.1828842163 14.3592681885 1 1 4 3
145295 1 1 1 1 0 0 0.977746248245 0.451083511114 -13 -13 63.3971595764 19.9472961426 2 2 119.809440613 117.735618591 70.0528564453 1 1 4 2
73106 -1 -1 1 1 0 0 0.31415066123 0.499299943447 13 13 54.5135231018 43.9802742004 2 2 35.572353363 42.1428756714 54.675819397 2 1 6 2
118550 1 1 1 1 0 0 0.963896811008 -0.737550199032 -13 -13 50.7643013 10.4968776703 2 2 43.0942115784 65.6356048584 49.5872421265 3 1 9 2
118576 1 1 1 1 0 0 0.927256524563 0.96116489172 -13 -13 72.8105316162 31.8962497711 2 2 52.86743927 11.0830774307 89.709815979 2 2 4 2
76058 -1 -1 1 1 0 0 0.733269572258 0.842914104462 13 13 32.717124939 14.8143081665 2 2 98.3687591553 94.6209335327 30.6067676544 3 1 5 2
91326 1 1 1 1 0 0 0.986640453339 0.903184115887 -13 -13 82.2229919434 26.5588169098 2 2 153.148452759 188.728546143 84.0914840698 2 1 2 2
84348 1 1 1 1 0 0 0.982631444931 0.895609021187 -13 -13 34.9141349792 21.0492725372 2 2 44.4261550903 53.643611908 37.5220222473 1 1 4 2
84366 -1 -1 1 1 0 0 0.972700953484 0.811084389687 13 13 40.1244697571 32.0425071716 2 2 197.874450684 167.186447144 73.8039627075 2 1 7 2
86047 -1 -1 1 1 0 0 0.888272821903 0.580750405788 13 13 28.680847168 11.3208360672 2 2 121.920310974 60.4757194519 19.7855472565 1 1 7 2
137365 1 1 1 1 0 0 0.981025397778 0.535307466984 -13 -13 119.379760742 35.4565124512 2 2 149.816650391 100.347770691 38.2287254333 3 0 6 2
139470 1 1 1 1 0 0 0.95718228817 0.957419574261 -13 -13 67.7235794067 25.3490390778 2 2 57.2574462891 63.5445251465 68.4415435791 5 2 7 2
94036 1 1 1 1 0 0 0.961496889591 0.781762778759 -13 -13 82.6548843384 55.1153144836 2 2 198.775970459 156.480697632 170.208023071 3 3 5 2
94073 -1 -1 1 1 0 0 0.486702680588 -0.0645066425204 13 13 26.2828330994 14.3827838898 2 2 72.3556365967 56.571018219 57.7363014221 4 1 7 2
121236 -1 -1 1 1 0 0 0.979825437069 -0.933315098286 13 13 82.1789703369 22.2923145294 2 2 33.7645454407 39.927772522 26.1855545044 2 2 5 2
121244 1 1 1 1 0 0 0.934226691723 0.888868570328 -13 -13 57.761089325 40.6982574463 2 2 42.5136108398 122.209739685 84.2096939087 4 2 5 2
121298 -1 -1 1 1 0 0 0.972177565098 0.984931409359 13 13 67.3439254761 46.6812858582 2 2 79.2070236206 95.7511520386 87.6775054932 1 1 4 2
132422 1 1 1 1 0 1 0.858733892441 0.673878490925 -13 -13 97.8341827393 10.6287841797 2 2 110.298858643 168.748046875 26.2615070343 2 1 4 2
132457 -1 -1 1 1 0 0 0.926264584064 -0.296022176743 13 13 181.115463257 14.6331281662 2 2 219.738876343 332.029815674 152.107955933 0 0 6 2
150851 1 1 1 1 0 0 0.922272264957 0.98461163044 -13 -13 39.9092788696 23.1411590576 2 2 151.716934204 144.668579102 10.8245849609 3 0 4 3
135677 1 1 1 1 0 0 0.84417450428 0.624831974506 -13 -13 40.5950012207 5.31544589996 2 2 47.3294906616 60.5690803528 14.6457195282 1 1 2 1
135697 -1 -1 1 1 0 0 0.82432281971 0.860163152218 13 13 178.976654053 37.8435554504 2 2 161.80078125 136.062332153 179.130661011 3 1 4 2
137433 1 1 1 1 0 0 0.957571208477 0.63564068079 -13 -13 67.1490478516 21.4931621552 2 2 52.5328063965 18.5568065643 114.603111267 3 2 4 2
152729 1 1 1 1 0 0 0.948060870171 0.78497171402 -13 -13 76.5267944336 55.7641372681 2 2 162.937286377 239.387420654 114.693695068 2 1 7 2
161828 1 1 1 1 0 0 0.866411685944 -0.949430704117 -13 -13 15.0336427689 6.52593946457 2 2 33.7580451965 90.7252960205 16.2193870544 3 1 5 1
168764 -1 -1 1 1 0 0 0.984237730503 -0.680904507637 13 13 63.4181480408 7.55265474319 2 2 103.230415344 50.0863723755 42.1702308655 1 1 4 1
196148 -1 -1 1 1 0 0 -0.500437200069 0.0638028681278 13 13 12.0023784637 11.606678009 2 2 44.06772995 49.9084739685 29.4905776978 4 4 4 2
111247 1 1 1 1 0 0 -0.780654966831 0.56791728735 -13 -13 71.7681808472 6.01395177841 2 2 40.0188789368 91.6494827271 46.3186607361 3 3 5 1
111262 -1 -1 1 1 0 0 0.982790470123 -0.257672458887 13 13 73.6494827271 10.4100408554 2 2 104.288696289 71.8788833618 45.2787780762 2 1 5 2
148739 -1 -1 1 1 0 1 0.924415230751 0.828446090221 13 13 69.8522033691 31.3270740509 2 2 96.4226989746 65.7258071899 60.8847999573 2 1 6 2
194923 -1 -1 1 1 0 0 -0.952851891518 0.816530108452 13 13 48.0144767761 10.7818803787 2 2 143.314331055 64.1390457153 39.7585144043 4 2 4 2
