evt LepGood1_charge LepGood2_charge LepGood1_convVeto LepGood2_convVeto LepGood1_lostHits LepGood2_lostHits LepGood1_mvaTTH LepGood2_mvaTTH LepGood1_pdgId LepGood2_pdgId LepGood1_pt LepGood2_pt LepGood1_tightCharge LepGood2_tightCharge met_pt mhtJet25 minMllAFAS nBJetLoose25 nBJetMedium25 nJet25 nLepGood10
2295 -1 -1 1 1 0 0 0.968991219997 0.955015063286 13 13 154.955307007 96.4555358887 2 2 102.923316956 104.846244812 209.766983032 2 1 5 2
11798 -1 -1 1 1 1 0 0.976342380047 0.928604364395 13 13 86.7814331055 42.6931037903 2 2 188.834609985 169.158096313 79.6081085205 2 1 8 2
20174 1 1 1 1 0 0 0.981579065323 0.973657906055 -13 -13 81.6091842651 29.8828792572 2 2 141.422683716 77.7381515503 95.2758865356 2 0 5 2
58391 -1 -1 1 1 0 0 0.974608242512 0.97883272171 13 13 104.670631409 24.8823242188 2 2 87.1734695435 85.4668579102 133.02204895 2 1 5 2
70931 -1 -1 1 1 0 0 0.914428770542 0.970860362053 13 13 88.2545471191 72.9055328369 2 2 130.408721924 80.2931594849 161.46534729 2 2 5 2
196940 -1 -1 1 1 0 0 0.980741024017 0.821246623993 13 13 31.5504608154 25.7160663605 2 2 111.339118958 76.8775177002 56.6988258362 2 1 6 2
186749 -1 -1 1 1 0 0 0.978851854801 0.802732825279 13 13 122.428573608 22.7971801758 2 2 10.1597261429 49.8985900879 114.072349548 2 2 5 2
4776 1 1 1 1 0 0 0.927155852318 0.948757171631 -13 -13 37.7813987732 28.0715370178 2 2 53.6388435364 12.2703237534 105.919898987 2 0 4 2
4781 1 1 1 1 0 0 0.734383583069 0.935115039349 -13 -13 86.9038391113 77.6397171021 2 2 149.988983154 129.441085815 43.1916770935 2 1 4 3
49526 -1 -1 1 1 0 0 0.980728685856 0.956451714039 13 13 535.574951172 424.500213623 2 2 209.803131104 202.128616333 32.5175704956 1 1 4 3
38398 -1 -1 1 1 0 0 0.985944092274 0.931885898113 13 13 50.7324333191 23.2279090881 2 2 259.129486084 257.950714111 39.0246162415 1 1 5 2
108269 -1 -1 1 1 0 0 0.932376086712 0.986716210842 13 13 46.2753791809 43.0004501343 2 2 85.5425262451 24.8569221497 79.3489074707 2 1 6 2
109365 -1 -1 1 1 0 0 0.88900411129 0.983163833618 13 13 97.4612884521 95.2836227417 2 2 68.8530883789 71.6170043945 107.020729065 4 1 7 2
84628 1 1 1 1 0 0 0.966533005238 0.977639436722 -13 -13 29.8502254486 20.8101634979 2 2 106.552024841 121.522491455 10.2168445587 2 0 5 2
95228 1 1 1 1 0 0 0.925471186638 0.900253891945 -13 -13 105.812263489 73.665725708 2 2 49.8460922241 118.325538635 94.2424163818 2 0 6 3
116823 1 1 1 1 0 0 0.981691241264 0.944159209728 -13 -13 79.9171142578 33.446308136 2 2 99.7175750732 116.009658813 102.179603577 2 1 5 2
142909 1 1 1 1 0 0 0.953534424305 0.955195605755 -13 -13 38.0241355896 36.7010803223 2 2 105.899055481 103.920692444 18.445192337 2 1 8 2
142959 -1 -1 1 1 0 0 0.874835729599 0.962669312954 13 13 124.301879883 36.9398612976 2 2 18.7979221344 92.1808013916 168.65071106 2 2 6 2
142988 -1 -1 1 1 0 0 0.942919909954 0.963318943977 13 13 39.4076690674 39.1700286865 2 2 16.5595149994 22.4271526337 53.9790153503 2 2 4 2
142989 1 1 1 1 0 0 0.894394814968 0.773052215576 -13 -13 103.012565613 86.7926483154 2 2 255.470916748 332.374725342 83.6835632324 4 3 6 2
171206 1 1 1 1 0 0 0.878195166588 0.927658498287 -13 -13 39.3372879028 33.735534668 2 2 40.5594902039 23.4457874298 10.6523141861 1 1 4 3
5253 -1 -1 1 1 0 0 0.983585894108 0.973447203636 13 13 155.189071655 25.1747703552 2 2 85.8854980469 188.702331543 25.2033233643 2 1 5 3
80265 1 1 1 1 0 0 0.987262010574 0.942369639874 -13 -13 142.393325806 40.0346984863 2 2 154.392471313 203.829681396 10.4027910233 2 2 5 3
66590 -1 -1 1 1 0 0 0.965491235256 0.964560031891 13 13 27.9690818787 22.9998283386 2 2 59.8475189209 92.7770462036 25.1747398376 2 2 5 2
128937 -1 -1 1 1 0 0 0.946630895138 0.987367749214 13 13 61.2013702393 54.7271690369 2 2 38.9112167358 35.7395820618 73.0919799805 3 1 5 2
92898 -1 -1 1 1 0 0 0.978262543678 0.974794387817 13 13 160.661895752 39.3590507507 2 2 79.7766799927 67.0927429199 150.287017822 2 0 4 2
138516 1 1 1 1 0 0 0.988714158535 0.988364756107 -13 -13 86.1198196411 40.6549758911 2 2 19.0865783691 28.1401233673 113.086555481 3 2 6 2
171752 1 1 1 1 0 0 0.983826458454 0.95781904459 -13 -13 105.305656433 62.0648918152 2 2 44.4355583191 118.159805298 8.23876857758 1 1 5 3
178459 1 1 1 1 0 0 0.977185547352 0.977432549 -13 -13 102.760917664 66.1923751831 2 2 112.671257019 100.282875061 54.9276847839 3 1 5 3
20742 -1 -1 1 1 0 0 0.976673901081 0.971390902996 13 13 62.719707489 35.4049758911 2 2 24.8875102997 6.6512298584 53.1533813477 2 1 5 2
24329 1 1 1 1 0 0 0.984263062477 0.93683552742 -13 -13 53.3248023987 28.2160968781 2 2 102.389099121 148.43359375 24.306936264 2 1 6 2
75372 -1 -1 1 1 0 0 0.953717470169 0.871281266212 13 13 54.5838241577 21.729850769 2 2 109.729705811 89.5767593384 22.7477455139 2 0 6 2
195086 1 1 1 1 0 0 0.968994259834 0.901042819023 -13 -13 69.8803710938 41.7485961914 2 2 198.199005127 229.529663086 115.818771362 3 2 5 2
65271 -1 -1 1 1 0 0 0.919217407703 0.729910314083 13 13 101.380088806 23.5532283783 2 2 39.2654647827 34.5172309875 131.5519104 2 1 5 2
65802 -1 -1 1 1 0 0 0.978265762329 0.974353671074 13 13 100.92767334 93.4236373901 2 2 90.6395339966 69.6708068848 277.595489502 1 1 8 2
65044 -1 -1 1 1 0 0 0.963540971279 0.868505418301 13 13 89.8696670532 22.5186882019 2 2 54.2055969238 40.156627655 30.0453987122 1 1 7 2
73723 1 1 1 1 0 0 0.845499873161 0.978100895882 -13 -13 54.8509216309 43.6731491089 2 2 88.6748199463 38.4581642151 12.4951581955 3 3 4 4
148352 -1 -1 1 1 0 0 0.970583498478 0.958264827728 13 13 31.4538974762 30.4828567505 2 2 147.627639771 139.158370972 44.3388137817 2 0 4 3
172886 1 1 1 1 0 0 0.985996723175 0.97647768259 -13 -13 76.5872650146 26.8576526642 2 2 63.3870048523 79.3963699341 56.3525886536 3 0 6 2
31597 1 1 1 1 0 0 0.913149178028 0.978991746902 -13 -13 21.4223308563 21.3083534241 2 2 59.5453300476 104.370811462 55.1429710388 3 1 4 2
95337 -1 -1 1 1 0 0 0.976656615734 0.797104120255 13 13 31.6221828461 23.2215003967 2 2 46.6634864807 45.9424972534 16.6359786987 3 2 5 3
132584 1 1 1 1 0 0 0.97026860714 0.969617187977 -13 -13 185.887283325 93.8621292114 2 2 92.2453460693 54.6191520691 54.7855949402 3 2 5 3
107572 1 1 1 1 0 0 0.985586702824 0.932605922222 -13 -13 137.113586426 26.2793045044 2 2 111.783966064 64.4909210205 134.005889893 2 1 4 2
145277 -1 -1 1 1 0 0 0.921818196774 0.963567197323 13 13 31.7955989838 27.9485778809 2 2 72.0597076416 78.1828842163 14.3592681885 1 1 4 3
118576 1 1 1 1 0 0 0.927256524563 0.96116489172 -13 -13 72.8105316162 31.8962497711 2 2 52.86743927 11.0830774307 89.709815979 2 2 4 2
84348 1 1 1 1 0 0 0.982631444931 0.895609021187 -13 -13 34.9141349792 21.0492725372 2 2 44.4261550903 53.643611908 37.5220222473 1 1 4 2
84366 -1 -1 1 1 0 0 0.972700953484 0.811084389687 13 13 40.1244697571 32.0425071716 2 2 197.874450684 167.186447144 73.8039627075 2 1 7 2
139470 1 1 1 1 0 0 0.95718228817 0.957419574261 -13 -13 67.7235794067 25.3490390778 2 2 57.2574462891 63.5445251465 68.4415435791 5 2 7 2
94036 1 1 1 1 0 0 0.961496889591 0.781762778759 -13 -13 82.6548843384 55.1153144836 2 2 198.775970459 156.480697632 170.208023071 3 3 5 2
121244 1 1 1 1 0 0 0.934226691723 0.888868570328 -13 -13 57.761089325 40.6982574463 2 2 42.5136108398 122.209739685 84.2096939087 4 2 5 2
121298 -1 -1 1 1 0 0 0.972177565098 0.984931409359 13 13 67.3439254761 46.6812858582 2 2 79.2070236206 95.7511520386 87.6775054932 1 1 4 2
150851 1 1 1 1 0 0 0.922272264957 0.98461163044 -13 -13 39.9092788696 23.1411590576 2 2 151.716934204 144.668579102 10.8245849609 3 0 4 3
135697 -1 -1 1 1 0 0 0.82432281971 0.860163152218 13 13 178.976654053 37.8435554504 2 2 161.80078125 136.062332153 179.130661011 3 1 4 2
152729 1 1 1 1 0 0 0.948060870171 0.78497171402 -13 -13 76.5267944336 55.7641372681 2 2 162.937286377 239.387420654 114.693695068 2 1 7 2
148739 -1 -1 1 1 0 1 0.924415230751 0.828446090221 13 13 69.8522033691 31.3270740509 2 2 96.4226989746 65.7258071899 60.8847999573 2 1 6 2
