evt LepGood1_charge LepGood2_charge LepGood1_convVeto LepGood2_convVeto LepGood1_lostHits LepGood2_lostHits LepGood1_mvaTTH LepGood2_mvaTTH LepGood1_pdgId LepGood2_pdgId LepGood1_pt LepGood2_pt LepGood1_tightCharge LepGood2_tightCharge met_pt mhtJet25 minMllAFAS nBJetLoose25 nBJetMedium25 nJet25 nLepGood10
2269 1 -1 1 1 0 0 0.860722601414 0.100478358567 -11 11 105.294563293 9.5043554306 2 2 129.315429688 176.351104736 84.2415008545 4 2 5 1
2511 1 -1 1 1 0 0 0.406242340803 -0.913882851601 -11 11 30.3080444336 14.9499149323 2 2 70.4604797363 110.73374939 22.0422954559 2 1 8 2
2520 -1 1 1 1 0 0 0.967454791069 0.118594944477 11 -11 69.3309555054 19.7920417786 2 2 86.5687103271 48.0746116638 74.9638061523 2 2 6 2
2541 1 -1 1 1 0 0 0.966682851315 0.939361393452 -11 11 131.356109619 80.2666168213 2 2 71.9578475952 41.4076004028 207.88218689 3 3 3 2
2776 1 1 1 1 1 0 -0.265322446823 0.247108802199 -11 -11 29.1967697144 17.7812538147 1 2 7.725440979 34.1964797974 35.5176086426 2 1 4 2
11740 -1 -1 1 1 0 0 0.780018508434 0.914574205875 11 11 41.9210548401 39.230091095 2 2 76.9495315552 142.993103027 149.235488892 3 1 3 2
10141 -1 -1 1 1 0 0 0.916685163975 0.93316668272 11 11 48.4045562744 44.4025230408 2 2 154.686798096 121.635017395 57.4268035889 1 0 4 2
19217 -1 1 1 1 0 0 0.931251585484 0.87474578619 11 -11 41.1498794556 25.9362316132 2 2 148.497787476 119.091247559 58.3954277039 2 2 4 2
19252 -1 -1 1 1 0 0 0.821060419083 0.539920210838 11 11 20.9361743927 8.45771503448 2 2 379.33303833 270.614013672 41.4393806458 3 2 6 1
19270 -1 -1 1 1 0 0 0.912728428841 -0.974287092686 11 11 58.5265769958 13.4833145142 2 2 40.8415756226 53.1292228699 39.8234863281 2 1 3 2
22647 -1 -1 1 1 0 0 0.961790204048 0.615747690201 11 11 43.559677124 36.1759262085 2 2 121.580787659 87.9045410156 86.7205734253 3 3 4 2
24007 -1 1 1 1 0 0 0.945163190365 -0.416216999292 11 -11 98.2987594604 11.0396242142 2 2 84.9664382935 116.93812561 33.5738677979 5 2 8 2
20107 -1 1 1 1 0 0 0.929514586926 0.78813958168 11 -11 87.4279708862 18.7957763672 2 2 61.1484146118 39.5663642883 77.9287948608 4 2 7 2
20118 -1 -1 1 1 1 0 -0.0377530865371 0.430414289236 11 11 28.2691421509 15.4628105164 2 2 120.560089111 75.1173934937 45.0559501648 4 0 6 2
161391 1 -1 1 1 0 0 -0.895894110203 -0.798920810223 -11 11 23.1321811676 14.535284996 1 2 28.3798980713 137.166488647 47.6333961487 2 0 7 2
163232 -1 1 1 1 0 0 0.922101318836 0.967508196831 11 -11 195.761291504 71.2216415405 2 2 150.935928345 162.032089233 280.937988281 4 3 5 2
163234 1 1 1 1 0 0 0.875502407551 0.899807333946 -11 -11 201.600326538 113.425132751 2 2 400.582763672 537.918029785 114.465896606 1 1 7 2
163280 1 -1 1 1 0 0 0.930830061436 0.965553462505 -11 11 110.219497681 27.0426177979 2 2 117.239730835 147.474899292 23.9590263367 3 1 6 3
199810 -1 1 1 1 0 0 -0.202446162701 0.89649450779 11 -11 49.1815490723 44.8851280212 2 2 81.3211517334 36.4067420959 39.5341720581 1 1 2 2
199835 1 1 1 1 0 0 0.833303272724 0.787431120872 -11 -11 24.6884727478 23.2803993225 2 2 45.606338501 59.8794937134 68.8156967163 2 0 6 2
199853 -1 -1 1 1 0 0 0.9679864645 -0.729746758938 11 11 76.5504837036 34.4920310974 2 2 48.1100616455 30.0318393707 102.895111084 1 0 3 2
21211 1 -1 1 1 0 0 0.876676797867 0.289739727974 -11 11 58.1049156189 28.9533004761 2 2 28.0620632172 31.2189998627 79.4688262939 2 1 3 2
21247 -1 1 1 1 0 0 0.94399958849 0.827199757099 11 -11 93.1934127808 82.8229370117 0 2 53.7699241638 58.4908409119 115.982749939 0 0 3 2
21272 -1 1 1 1 0 0 0.97117805481 0.344750970602 11 -11 345.634185791 15.7646579742 2 2 68.7492370605 172.030426025 104.756874084 3 1 7 2
21281 1 -1 1 1 0 0 0.918587982655 0.947818934917 -11 11 51.0350456238 38.1994094849 2 2 45.4359779358 123.807220459 22.0643005371 3 1 7 3
40308 1 -1 1 1 0 0 0.858601629734 0.644437611103 -11 11 95.5635910034 26.1793327332 2 2 79.6589813232 111.96434021 193.35824585 2 1 3 2
59364 1 1 1 1 0 0 0.881481170654 0.919503629208 -11 -11 101.463577271 69.9193496704 2 2 52.856136322 87.596824646 63.5101089478 4 3 7 2
59517 1 -1 1 1 0 0 0.920551240444 0.797636210918 -11 11 63.1829032898 41.9647216797 2 2 121.929428101 160.981719971 104.974822998 1 0 3 2
23363 1 -1 1 1 0 0 0.959107100964 0.969206392765 -11 11 89.9240036011 48.9866867065 2 2 93.2437667847 284.028045654 101.285858154 4 3 7 2
42552 1 1 1 1 0 0 0.834130644798 -0.982203185558 -11 -11 78.2443237305 32.2972297668 0 1 28.4993152618 75.2582855225 100.036834717 3 2 6 2
42587 1 1 1 1 0 0 0.894515275955 -0.43804243207 -11 -11 51.2043037415 8.52471160889 2 2 32.309211731 29.1038570404 31.4101829529 2 2 7 1
58339 1 -1 1 1 0 0 0.839763641357 0.18720138073 -11 11 41.6094322205 12.966337204 2 2 24.8124866486 51.3590202332 18.1200008392 1 1 3 2
58357 -1 1 1 1 0 0 0.973131477833 0.463193744421 11 -11 45.6947212219 36.1804275513 2 2 52.1724739075 18.8837776184 104.563041687 1 1 2 2
70920 -1 1 1 1 0 0 0.888423919678 0.223364174366 11 -11 77.2556610107 28.0599594116 2 1 34.7737884521 61.6833839417 57.68201828 2 2 7 2
70927 -1 1 1 1 0 0 0.791026592255 0.735591709614 11 -11 116.853363037 21.2560195923 2 2 156.198745728 91.6076049805 134.67628479 3 2 6 2
70939 1 -1 1 1 0 0 0.861551642418 0.967146456242 -11 11 70.0741653442 53.6412849426 2 2 56.2519187927 53.5084342957 110.721199036 3 2 4 2
30544 1 1 1 1 0 0 -0.961321651936 0.948386967182 -11 -11 33.9922294617 27.216211319 2 2 22.206785202 26.112154007 37.2115058899 4 4 6 2
30576 1 -1 1 1 0 0 0.916880846024 0.885651409626 -11 11 60.1597061157 24.6303215027 2 2 275.272521973 230.603485107 74.0987167358 3 1 10 2
45059 1 -1 1 1 0 0 0.970334887505 0.0932010933757 -11 11 62.243106842 14.9043931961 2 2 39.812828064 22.1457309723 46.7714424133 4 2 4 2
57198 1 1 1 1 0 0 0.856096982956 0.828627586365 -11 -11 145.879089355 105.340431213 2 2 106.202636719 155.259841919 26.9501743317 2 1 4 3
72014 1 -1 1 1 0 0 0.954614579678 0.969509661198 -11 11 110.222953796 59.5794944763 2 2 169.009902954 101.63458252 165.472747803 1 1 3 2
72019 1 -1 1 1 0 0 -0.0979939028621 0.22984559834 -11 11 62.8667488098 48.0870285034 2 1 79.496055603 32.162437439 18.5056838989 1 0 3 2
72020 1 1 1 1 0 0 -0.709153652191 0.45537725091 -11 -11 91.0676956177 77.9829559326 2 0 93.6819915771 43.7308387756 167.327819824 3 1 4 2
72033 1 -1 1 1 0 0 0.959467887878 0.513507783413 -11 11 115.765014648 49.5808410645 2 2 232.537033081 125.467277527 158.073028564 0 0 1 2
72058 1 1 1 1 0 0 0.930853068829 0.898133158684 -11 -11 69.0430297852 42.1306343079 2 2 156.769454956 142.11656189 73.1878356934 1 0 3 2
90044 -1 1 1 1 0 0 0.873907625675 0.839505791664 11 -11 60.2412872314 15.6963186264 2 2 37.0896148682 32.0680770874 48.8855819702 2 1 6 2
90050 -1 1 1 1 0 0 0.382098048925 -0.939680755138 11 -11 43.1668167114 18.0875244141 2 2 29.9611186981 83.8552398682 49.2800521851 1 1 2 2
90064 1 -1 1 1 0 0 0.918147683144 -0.996822118759 -11 11 122.115791321 48.2499771118 2 2 71.0594024658 111.938499451 92.7999725342 0 0 2 2
110061 -1 1 1 1 0 0 0.938635587692 0.766717851162 11 -11 33.1748695374 21.5211620331 2 2 115.098205566 25.5106372833 32.4452590942 3 1 6 2
130713 -1 1 1 1 0 0 0.936868190765 0.57111364603 11 -11 192.66998291 16.587436676 2 2 50.5590057373 71.1299667358 57.8295936584 4 4 6 2
130790 1 -1 1 1 0 1 0.416531711817 -0.929213881493 -11 11 17.6003627777 14.7429962158 2 2 43.2872848511 28.723323822 74.9754638672 3 2 7 2
131318 1 1 1 1 0 0 0.725866496563 0.806160092354 -11 -11 44.7558898926 25.6535110474 2 2 165.651153564 123.955482483 54.2722663879 1 0 2 3
101894 -1 1 1 0 0 0 0.932830810547 0.825542509556 11 -11 120.543533325 24.3315010071 2 2 63.4516830444 66.5532836914 25.8430213928 3 1 5 2
130535 1 -1 1 1 0 0 0.930239975452 -0.420808047056 -11 11 64.3261184692 31.0821380615 2 2 59.7061920166 72.2496109009 88.9049453735 3 2 4 2
130538 -1 1 1 1 0 0 0.933527648449 0.883408010006 11 -11 132.22354126 50.5603103638 2 2 161.729827881 201.91305542 94.9466552734 2 1 6 3
130558 1 -1 1 1 0 0 0.917961716652 0.965684890747 -11 11 106.880943298 50.4012527466 2 2 163.584060669 155.708847046 41.0278015137 2 1 5 2
148075 1 -1 1 1 0 0 0.896548628807 -0.909290313721 -11 11 126.587348938 13.9268960953 2 2 68.3218307495 97.0461120605 51.9367980957 2 2 5 2
146712 -1 1 1 1 0 0 0.814268052578 -0.233753800392 11 -11 99.6894226074 28.2608089447 2 2 68.5490646362 65.3577957153 24.3343811035 2 2 4 3
146741 1 -1 1 1 0 0 -0.0682532936335 0.91235345602 -11 11 306.72052002 25.5433006287 2 2 260.387176514 323.105957031 193.763366699 3 2 6 2
146783 -1 1 1 1 0 0 -0.0511008687317 0.337110370398 11 -11 30.7787342072 17.7771320343 2 2 103.488212585 83.9920425415 61.8861274719 3 0 3 2
146787 1 -1 1 1 0 0 0.926853060722 0.693164408207 -11 11 23.1080760956 13.820813179 2 2 95.9397506714 137.490356445 29.7212657928 2 2 4 2
152832 1 -1 1 1 0 0 0.9614148736 0.757390201092 -11 11 46.8535957336 38.1513938904 2 2 36.7936439514 34.6953239441 16.4744796753 3 3 3 2
152845 -1 1 1 1 0 0 -0.688270688057 0.788007557392 11 -11 199.131362915 154.80581665 2 2 106.038398743 67.5380706787 342.050811768 4 3 7 2
196973 -1 1 1 1 0 0 -0.236899882555 0.938806295395 11 -11 115.104431152 68.7622299194 2 2 62.3897972107 56.8017539978 171.737945557 2 1 5 2
176437 1 1 1 1 0 0 -0.15520131588 -0.316416561604 -11 -11 23.5212860107 17.1666717529 2 2 124.468955994 123.320411682 34.5536193848 2 1 4 2
176446 1 -1 1 1 0 0 -0.158729076385 0.0829672962427 -11 11 245.742202759 14.5611772537 2 2 14.6856584549 133.836761475 60.8602828979 2 0 6 2
176448 -1 -1 1 1 0 0 -0.757494211197 0.393655121326 11 11 33.2325439453 8.55387115479 2 2 32.6514472961 77.204574585 24.3385505676 2 2 5 1
176469 1 -1 1 1 0 0 0.928996026516 -0.972412407398 -11 11 147.931167603 9.89499950409 2 2 105.813812256 99.889289856 57.855140686 3 2 4 1
176490 -1 1 1 1 0 0 0.90608048439 0.859156131744 11 -11 125.283035278 42.6105766296 2 2 53.8942489624 92.1511154175 97.6150817871 2 2 4 2
176493 1 -1 1 1 0 0 -0.466602563858 0.168188765645 -11 11 21.9259357452 21.1050453186 2 2 91.2332000732 77.3572158813 77.0369644165 3 1 3 2
178834 -1 1 1 1 0 0 0.957672059536 0.231387630105 11 -11 46.2785453796 15.3986063004 2 2 71.7335891724 34.3195495605 53.9914474487 3 2 5 2
178879 1 1 1 1 0 0 0.91395419836 0.880240023136 -11 -11 103.252304077 56.1195411682 2 2 214.098129272 173.446029663 11.9083471298 2 1 4 2
178891 -1 1 1 1 0 0 0.975057005882 0.97118473053 11 -11 90.3769302368 74.4302978516 2 2 14.5411291122 104.211265564 89.7216415405 2 1 6 2
182055 1 -1 1 1 0 0 0.867706298828 0.830137372017 -11 11 32.4398727417 17.8890571594 2 2 47.0411911011 102.902412415 43.356842041 2 1 4 2
182088 -1 1 1 1 0 0 0.929225027561 0.732236266136 11 -11 103.734703064 66.2619476318 2 2 15.6532735825 35.1600189209 123.154922485 2 1 5 2
186730 1 -1 1 1 0 0 0.932713627815 0.456441700459 -11 11 85.8749008179 25.2313156128 2 2 238.69593811 219.401412964 141.684066772 1 1 6 2
186731 -1 -1 1 1 0 0 0.949142158031 0.404213398695 11 11 25.809129715 25.4282722473 2 2 45.3495826721 71.4715805054 69.3176269531 3 1 7 2
4709 1 -1 1 1 0 0 0.568855524063 -0.69701975584 -11 11 35.8006095886 25.1708316803 2 2 148.460952759 120.035194397 79.9303817749 4 1 6 2
5049 -1 1 1 1 0 0 0.737008333206 0.951950907707 11 -11 45.6955032349 44.7979316711 2 2 100.987251282 33.7755699158 52.32421875 0 0 4 2
5084 -1 -1 1 0 0 0 0.955048620701 -0.416104048491 11 11 67.5532302856 42.5877876282 2 2 59.5770797729 31.390750885 209.1146698 1 0 4 2
5437 -1 1 1 1 0 0 0.578843593597 -0.962255835533 11 -11 20.1162242889 13.2877826691 2 2 101.306060791 36.1192245483 27.044418335 1 1 5 2
8509 -1 -1 1 1 0 0 0.960206627846 0.790022432804 11 11 97.8878631592 17.4669265747 2 2 27.5466213226 41.0717010498 94.111541748 3 3 3 2
8534 -1 1 1 1 0 0 0.526673257351 -0.978956282139 11 -11 18.2539787292 14.8689002991 2 2 63.8064155579 52.7136535645 31.4384784698 1 0 2 2
8545 1 -1 1 1 0 0 0.809763908386 0.884727060795 -11 11 59.5124588013 40.4679069519 2 2 85.487121582 111.415786743 49.6429176331 4 3 5 2
8560 -1 1 1 1 0 0 0.964210271835 0.923240959644 11 -11 68.3876571655 30.940404892 2 2 111.181335449 85.7278747559 77.5925674438 3 2 4 2
37703 1 -1 1 1 0 0 0.961068868637 0.961714863777 -11 11 84.9175720215 78.9927062988 2 2 147.389312744 77.922164917 32.707775116 3 2 8 2
37709 -1 1 1 1 0 0 0.975278258324 0.967278718948 11 -11 79.4674682617 42.4647979736 2 2 166.732376099 87.680519104 77.2072143555 2 2 4 2
38215 1 1 1 1 0 0 0.898127555847 0.0313646569848 -11 -11 39.8142814636 18.3634586334 2 2 73.5788803101 72.0587310791 67.0196456909 2 2 3 2
38256 -1 1 1 1 0 0 0.914375722408 0.245898842812 11 -11 73.4062805176 35.1022834778 2 2 175.329330444 105.126609802 124.551635742 2 1 4 2
49519 1 1 1 1 0 0 -0.363994002342 -0.945811629295 -11 -11 29.748298645 15.9772939682 2 2 93.2701187134 78.0152130127 38.4627037048 0 0 4 2
49540 -1 1 1 1 0 0 0.895315170288 0.886401116848 11 -11 61.5183525085 43.3824157715 2 2 98.8481292725 35.7838935852 71.0254516602 2 1 4 3
49553 -1 1 1 1 0 0 0.594687283039 0.852033853531 11 -11 61.1888427734 55.7490501404 2 2 55.2269592285 82.2409820557 126.656341553 2 1 2 2
49592 1 -1 1 1 0 0 0.789609372616 -0.967626035213 -11 11 50.0473518372 30.0966110229 2 2 135.173553467 134.872268677 51.9380912781 3 2 5 2
49600 -1 1 1 1 0 0 0.906737744808 0.235673710704 11 -11 61.9370651245 16.3082294464 2 2 95.4194488525 76.6498413086 24.4932460785 2 2 3 3
37540 -1 1 1 1 0 0 0.93426156044 0.877663969994 11 -11 84.7613983154 83.5498733521 2 2 6.98879241943 92.1087341309 165.349487305 0 0 4 2
38393 1 -1 1 1 0 0 0.720787405968 -0.38271895051 -11 11 63.066608429 9.84700298309 2 2 127.431350708 86.4780578613 3.1529006958 5 4 8 1
52010 -1 1 1 1 0 1 0.945578694344 0.612586677074 11 -11 146.494598389 17.2371025085 2 2 67.6575317383 12.5028533936 65.1151580811 7 5 9 2
53308 1 1 1 1 0 0 0.966993927956 0.169283047318 -11 -11 88.0906066895 69.2316970825 2 2 94.1492004395 113.884819031 128.29675293 1 1 5 2
53312 -1 -1 1 1 0 0 0.886552333832 0.970332324505 11 11 53.4270935059 49.4596557617 2 2 60.0272941589 90.4085388184 18.018404007 2 1 4 4
53325 1 -1 1 1 0 0 0.872941553593 0.804337382317 -11 11 127.050971985 45.2176437378 2 2 131.883789062 110.669677734 145.727981567 5 1 6 2
55734 -1 -1 1 1 0 0 0.96053647995 0.932065844536 11 11 54.8162956238 36.3821258545 2 2 16.9990577698 71.9942321777 78.0365447998 3 1 5 2
66068 1 1 1 1 0 0 -0.973376214504 0.8044064641 -11 -11 63.0446434021 30.5788574219 2 2 81.4277801514 60.3772315979 76.5933227539 3 2 6 2
107305 1 -1 0 1 0 0 0.849993646145 0.604471385479 -11 11 48.7450408936 43.4638442993 2 2 51.6893463135 102.996063232 58.5433158875 1 0 2 2
107317 -1 1 1 1 0 0 -0.315637141466 0.934089958668 11 -11 69.51953125 35.3593025208 2 2 70.8544235229 60.8875083923 53.317024231 3 1 5 2
107332 1 -1 1 1 0 0 0.619904339314 0.260144978762 -11 11 41.0996589661 26.5053825378 2 2 97.3836746216 118.613052368 59.6103401184 0 0 1 2
107360 1 1 1 0 0 0 0.299967110157 -0.861246824265 -11 -11 78.9416427612 36.832901001 2 2 62.8681373596 130.432128906 7.26122093201 2 2 6 2
108203 1 -1 1 1 0 0 -0.950599193573 -0.266209334135 -11 11 72.7870101929 16.6131839752 2 2 205.360702515 237.140686035 95.0494995117 0 0 3 2
108222 1 1 1 1 0 0 0.743038415909 0.934376120567 -11 -11 82.411895752 62.7588768005 2 2 159.383224487 140.846405029 151.157592773 3 3 3 2
63832 -1 1 1 1 0 0 -0.637041926384 0.963507294655 11 -11 142.833877563 73.7828445435 2 2 248.098205566 263.149291992 91.7856674194 4 3 8 2
63849 -1 1 1 1 0 0 0.942775011063 0.716999232769 11 -11 57.6353912354 21.784866333 2 2 33.5290145874 60.3617858887 73.3603591919 2 2 4 2
63857 -1 1 1 1 0 0 -0.313654184341 0.598532557487 11 -11 19.5184555054 11.9151391983 2 2 72.3796005249 93.1008377075 8.39998245239 2 1 2 2
63870 -1 1 1 1 0 0 0.946832954884 0.829685509205 11 -11 122.345397949 54.983089447 2 2 97.9377441406 49.2752685547 128.437896729 4 4 4 2
63884 1 -1 1 1 0 0 0.55932867527 -0.980202913284 -11 11 18.1772594452 8.82035636902 2 2 32.7632865906 35.2795791626 6.91258859634 2 1 8 1
64314 -1 1 1 1 0 0 0.891478359699 0.847396314144 11 -11 63.2461395264 22.0779781342 2 2 112.503952026 100.705802917 18.0912742615 2 2 5 2
64378 -1 1 1 1 0 0 0.727136909962 0.859417617321 11 -11 123.498985291 42.7189064026 2 2 145.1900177 121.126174927 32.9406280518 4 2 9 2
64422 1 1 1 1 0 0 0.0863139182329 0.591846704483 -11 -11 57.6304397583 48.6213340759 2 2 304.605987549 368.201202393 43.3378639221 1 1 3 3
64441 -1 1 1 1 0 0 0.748964846134 0.310190409422 11 -11 28.4995098114 8.931224823 2 2 132.39050293 94.3897781372 8.17991733551 3 2 3 1
64447 1 -1 1 1 0 0 0.91548115015 0.959634721279 -11 11 26.233423233 20.4299373627 2 2 35.4765281677 34.5158843994 80.722038269 5 4 6 2
64451 1 -1 1 1 0 0 0.965764701366 0.0693138465285 -11 11 101.612289429 36.3305053711 2 2 51.4457588196 60.2977218628 86.7821350098 2 2 4 2
64466 1 1 0 1 1 0 0.58999735117 0.945381879807 -11 -11 144.749755859 52.449054718 1 2 13.4032487869 33.5640602112 175.893310547 3 1 4 2
64499 1 -1 1 1 0 0 0.59453701973 0.90328592062 -11 11 248.034606934 112.220016479 2 2 16.1812095642 38.404132843 301.158782959 2 2 5 2
66316 -1 1 1 1 0 0 0.929501414299 0.591283857822 11 -11 158.596450806 61.0305786133 2 2 14.7423400879 56.4197769165 202.479049683 2 2 4 2
66360 1 -1 1 1 0 0 0.925450026989 0.804447174072 -11 11 64.341468811 38.739490509 2 2 89.4573059082 7.73313474655 67.5858078003 2 0 7 2
64917 -1 1 1 1 0 0 0.895159900188 -0.980925917625 11 -11 47.8605728149 42.0731124878 2 2 15.6832828522 56.2751426697 103.850822449 1 0 2 2
64940 1 -1 1 1 0 0 0.870830535889 -0.393769353628 -11 11 37.8450241089 29.9750804901 2 2 26.6199436188 93.5383453369 66.4228973389 4 3 5 2
109301 -1 -1 1 0 0 0 0.944870889187 -0.937412619591 11 11 50.6303405762 24.6023521423 2 1 78.190612793 54.5860595703 69.9536972046 4 4 4 2
120209 -1 1 0 1 0 0 0.929537892342 0.0294637270272 11 -11 28.5167560577 10.4586811066 2 2 103.399291992 39.6667137146 33.3939056396 2 2 5 2
82785 -1 -1 1 1 0 0 0.963428735733 0.970797777176 11 11 114.289382935 34.2158203125 2 2 267.669342041 154.615707397 87.6384735107 3 2 5 2
84602 -1 1 1 1 0 0 0.198828831315 -0.587171435356 11 -11 38.6577110291 19.0751590729 2 2 5.87303686142 11.2552461624 42.1369400024 3 3 5 2
84608 1 -1 1 1 0 0 0.69820189476 0.165862753987 -11 11 23.5139064789 20.6527500153 2 2 135.211212158 41.6879386902 28.3586959839 4 2 7 2
84623 1 -1 1 1 0 0 0.922199070454 0.827988684177 -11 11 68.779510498 28.4628925323 2 2 114.419937134 71.6651382446 72.7352752686 1 0 4 2
84666 -1 1 1 1 0 0 0.966833949089 0.517059743404 11 -11 83.3203125 63.0399703979 2 2 47.7400283813 83.8406143188 28.2228012085 3 1 6 2
84674 1 -1 1 1 0 0 0.930239975452 0.838326096535 -11 11 244.420562744 66.8777694702 2 2 200.790328979 296.531585693 274.610198975 3 2 5 2
85010 -1 1 1 0 0 0 0.963747918606 -0.4104360044 11 -11 69.6845703125 44.7319641113 2 2 52.2532844543 74.5879058838 75.0549850464 0 0 2 2
95221 -1 1 1 1 0 0 -0.582516551018 -0.0444542355835 11 -11 34.0436172485 22.9324245453 2 2 49.2766723633 61.2848243713 55.5432128906 2 1 3 2
95260 1 -1 1 1 0 0 -0.651447534561 -0.666370391846 -11 11 23.7634410858 18.862947464 2 1 33.3378334045 106.220573425 17.431974411 3 0 8 2
95269 -1 1 1 1 0 0 0.577592432499 -0.0593316480517 11 -11 84.8722000122 36.9935722351 2 2 33.9298095703 35.076751709 83.9887695312 2 2 5 2
95289 1 -1 1 1 0 0 0.918936431408 0.00490343663841 -11 11 51.4149055481 46.5139503479 2 2 90.9527282715 119.528305054 104.310569763 2 2 4 2
116814 1 1 1 1 0 0 0.529286086559 0.367894619703 -11 -11 27.3489112854 9.278632164 0 2 113.579055786 76.8794174194 39.220954895 1 1 5 1
116837 -1 1 1 1 0 0 0.659307360649 -0.652271330357 11 -11 25.9896087646 14.5958690643 2 2 114.666099548 81.7479705811 65.9960403442 1 0 3 2
116899 -1 1 1 1 0 0 0.703826189041 0.595188856125 11 -11 39.9651603699 19.5645465851 2 2 37.5697212219 24.6825084686 95.3571929932 5 5 8 2
117403 -1 1 1 1 0 0 0.955563127995 0.830377519131 11 -11 205.866516113 70.6494750977 2 2 260.037811279 135.219009399 71.0992507935 2 2 4 3
117408 -1 -1 1 1 0 0 0.665895700455 0.791204750538 11 11 32.8248214722 28.4654045105 2 2 97.5420074463 139.492996216 77.9771957397 1 1 3 2
117498 1 1 1 1 0 0 0.873358428478 -0.550171136856 -11 -11 131.450180054 13.0893726349 2 2 97.7310714722 94.5613555908 38.6130027771 1 0 2 2
127415 -1 1 1 1 0 0 0.849018394947 -0.703833043575 11 -11 52.4035224915 44.5926208496 2 2 62.8008117676 43.8038330078 92.2498931885 4 1 5 3
127418 1 -1 1 1 0 0 -0.678415894508 0.935491502285 -11 11 154.039093018 80.9245071411 2 2 94.5901947021 193.312667847 320.701263428 3 2 5 2
127439 -1 1 1 1 0 0 0.913589835167 0.815923750401 11 -11 47.3960075378 44.7256774902 2 2 298.352813721 291.947540283 105.080383301 5 3 7 2
127490 1 -1 1 1 0 0 -0.122006647289 -0.261357784271 -11 11 54.2922859192 21.2841567993 2 2 38.4631729126 155.093643188 86.9006576538 2 1 7 2
127510 -1 1 1 1 0 0 0.239013999701 0.957025706768 11 -11 161.548568726 56.8369178772 2 2 163.681533813 139.591964722 211.687423706 4 2 6 2
127544 1 1 1 1 0 0 0.80111604929 0.701371192932 -11 -11 70.2349700928 42.7132606506 2 2 34.7444915771 66.0361404419 106.388694763 3 3 7 2
127545 -1 1 1 1 0 0 0.894963562489 0.608337044716 11 -11 109.270599365 53.4961471558 2 2 133.586502075 120.943099976 60.3416976929 2 0 5 3
127546 1 1 1 1 0 0 0.925411105156 -0.934101819992 -11 -11 76.6294326782 65.4638137817 2 2 79.9057617188 154.513092041 41.2714538574 2 1 4 3
139205 1 1 1 1 0 0 0.804011046886 -0.53431391716 -11 -11 57.5420379639 10.3858909607 2 2 60.6157264709 74.5808639526 47.7911338806 1 1 6 2
139212 -1 1 1 1 0 0 0.783185243607 0.33918890357 11 -11 58.5940437317 22.0140094757 2 2 176.137817383 156.460662842 78.3296432495 3 3 6 2
139224 1 -1 1 1 0 0 0.136385396123 0.85859978199 -11 11 85.4459838867 82.5740432739 2 2 78.1453018188 31.4516201019 184.478347778 1 1 3 2
139279 -1 1 1 1 0 0 0.943296790123 0.934918165207 11 -11 43.0536308289 35.8613815308 2 2 218.441345215 130.398681641 96.5549163818 4 3 6 2
140321 1 -1 1 1 0 0 0.651957213879 0.66558778286 -11 11 37.2438812256 28.8830852509 2 2 298.186767578 262.512512207 29.5299777985 3 2 6 2
140344 1 -1 1 1 0 0 0.673022687435 0.926422774792 -11 11 76.8871231079 32.0014076233 2 2 111.012626648 88.914390564 43.0936698914 1 1 5 3
140387 -1 -1 1 1 0 0 0.911152303219 0.509294390678 11 11 38.8986053467 8.99389076233 2 2 214.612823486 213.249465942 30.7056407928 5 3 8 1
140398 -1 1 1 1 0 0 -0.178036928177 0.787903010845 11 -11 71.0295333862 31.4119777679 2 2 126.30607605 30.3518657684 83.662940979 2 2 3 2
142901 1 -1 1 1 0 0 0.939414024353 0.96846985817 -11 11 67.486289978 39.8858070374 2 2 97.3621826172 111.42880249 79.3672180176 2 2 3 2
142919 -1 -1 1 1 0 0 0.906319141388 -0.0537542700768 11 11 23.9290504456 16.6303138733 2 2 85.8097381592 97.045791626 44.1744308472 2 0 4 2
142938 -1 -1 1 1 0 0 0.955339848995 0.969082772732 11 11 146.863571167 68.6487350464 2 2 192.00088501 178.474822998 64.4405441284 2 1 3 3
171271 -1 1 1 1 0 0 -0.146696716547 -0.629578113556 11 -11 14.3301115036 13.315870285 2 2 116.957366943 78.4996566772 3.49685406685 1 0 2 3
171277 1 1 1 1 0 0 0.915202081203 0.857869148254 -11 -11 61.0862426758 24.581823349 2 2 115.651420593 79.0252685547 19.215631485 1 1 2 3
171297 1 1 0 1 1 0 -0.702456831932 0.641977608204 -11 -11 105.404205322 25.7330951691 1 2 144.149475098 185.27520752 10.9989891052 4 3 5 2
192826 1 -1 1 1 0 0 0.95300924778 0.633884608746 -11 11 77.0795974731 17.1997776031 1 2 7.21053171158 20.5497379303 57.6326065063 2 1 6 2
192847 1 -1 1 1 0 0 0.250415891409 -0.969755113125 -11 11 42.7514038086 30.8232116699 2 2 57.772102356 59.7803916931 83.2055282593 4 3 5 2
192869 -1 1 1 1 0 0 0.669772922993 0.510664224625 11 -11 11.4948444366 9.68986415863 2 2 142.601638794 223.217285156 4.96338129044 2 0 4 1
192888 -1 -1 1 1 0 0 -0.540922343731 0.684157192707 11 11 21.6124210358 16.8136367798 2 2 154.548797607 155.407775879 30.4031772614 1 0 8 2
193248 -1 1 1 1 0 0 0.957875072956 0.467977613211 11 -11 125.366928101 14.9286670685 2 2 38.0014648438 29.2732715607 90.5989303589 0 0 7 2
193272 1 -1 1 1 0 0 0.80746114254 0.91767758131 -11 11 46.4621925354 38.4169311523 2 2 44.9258956909 88.8070678711 84.2265167236 2 1 3 2
193279 1 -1 1 1 0 0 0.934935092926 0.472454190254 -11 11 52.4589309692 31.8615016937 2 2 250.475814819 225.308334351 110.910148621 3 2 4 2
193299 1 -1 1 1 0 0 0.962029099464 0.671478271484 -11 11 61.7072181702 19.320022583 2 2 120.213172913 118.218162537 22.1165313721 2 2 3 2
192485 1 -1 1 1 0 0 0.968119502068 -0.435875087976 -11 11 88.9326553345 40.8367233276 2 2 80.9464797974 79.7652587891 128.018920898 0 0 1 2
192901 1 -1 1 0 0 0 -0.910177052021 -0.869854450226 -11 11 77.2465515137 63.7807769775 2 2 26.6490421295 53.1120491028 157.171844482 0 0 4 2
192904 -1 1 1 1 0 0 0.955809772015 -0.96750831604 11 -11 48.8789367676 38.9826850891 2 2 57.3048706055 131.310821533 21.4140834808 1 1 6 3
192952 -1 1 1 1 0 0 0.913736343384 -0.761843442917 11 -11 67.8911590576 9.12481880188 2 2 109.101455688 93.9866867065 29.1911678314 1 1 6 1
192958 -1 1 1 1 0 0 0.05185020715 0.626702010632 11 -11 26.5913009644 9.91035175323 2 2 168.934127808 104.63180542 20.2431221008 2 1 4 1
192995 1 -1 1 1 0 0 0.856985747814 0.9319922328 -11 11 132.69128418 52.8263969421 2 2 336.022705078 372.654815674 207.779037476 1 1 4 2
193602 1 -1 1 1 0 0 0.957223057747 -0.968966126442 -11 11 164.413955688 26.987783432 2 2 156.084579468 217.11869812 44.8321914673 1 1 5 2
5243 1 1 1 1 0 0 0.573071956635 -0.917087316513 -11 -11 39.2445030212 8.55286312103 2 2 50.3889160156 141.964996338 37.2379150391 3 3 6 1
5249 -1 1 1 0 0 0 0.929960668087 0.650559425354 11 -11 38.0674171448 15.9573736191 2 2 65.1921005249 76.6062088013 11.8830451965 3 1 3 2
5277 -1 1 1 1 0 0 0.948862016201 0.756363034248 11 -11 40.0197372437 24.2654190063 2 2 60.7082710266 26.0656871796 53.2046546936 2 1 6 2
5279 -1 -1 1 1 0 0 0.942973136902 -0.397486060858 11 11 201.375091553 12.7502651215 2 2 72.941619873 21.0710926056 39.8421897888 5 3 7 2
5503 -1 -1 1 1 0 0 0.708789765835 -0.884832262993 11 11 29.9372386932 16.3709716797 2 2 67.7442932129 89.6511306763 21.4734325409 1 1 3 2
5522 -1 1 0 1 0 0 0.876542806625 0.896702587605 11 -11 219.252532959 36.6264686584 1 2 137.923370361 112.659461975 196.505615234 1 1 2 2
5526 1 -1 1 1 0 0 0.92109054327 0.358477830887 -11 11 25.9635715485 13.5393419266 2 2 57.3201904297 88.3888320923 39.7416038513 2 2 7 2
12502 1 -1 1 1 0 0 0.966682851315 0.684566438198 -11 11 54.0811386108 45.71326828 2 2 147.793319702 120.625816345 55.230052948 3 3 5 2
12540 -1 1 1 1 0 0 0.740561366081 0.835624694824 11 -11 61.7916603088 18.3443069458 2 2 85.4695892334 120.563705444 57.431678772 3 1 5 2
12575 -1 -1 1 1 0 0 0.84326928854 -0.028742833063 11 11 43.0369949341 11.9829082489 2 2 96.6144790649 123.996391296 42.6405715942 1 0 5 2
16723 -1 -1 1 1 0 0 0.677455246449 0.0629124864936 11 11 40.3222122192 21.2552242279 2 2 128.113998413 88.5421981812 36.6870002747 3 2 5 2
16727 1 -1 1 1 0 0 -0.923055827618 0.083973698318 -11 11 77.7132797241 10.0116157532 2 2 184.811080933 16.7779788971 109.500244141 5 3 8 2
7530 -1 1 1 1 0 0 -0.781157195568 0.77293419838 11 -11 44.9739494324 29.2129116058 2 2 145.025283813 107.609558105 31.8479576111 4 1 6 2
7574 -1 1 0 1 1 0 0.0722887888551 -0.00384682463482 11 -11 57.3663253784 55.6068840027 2 2 120.966773987 118.165557861 70.8180160522 2 1 5 3
40010 1 -1 1 1 0 0 0.448884487152 0.877062916756 -11 11 34.2251625061 28.1921062469 2 2 37.6847572327 105.154319763 99.5378036499 4 4 5 2
40012 -1 -1 1 1 0 0 0.628634035587 0.659874260426 11 11 22.6116523743 19.0289821625 2 2 61.3684654236 48.6627120972 28.0249118805 1 1 2 3
40021 -1 1 1 1 0 0 0.917526483536 -0.656717658043 11 -11 62.8333282471 42.4535331726 2 2 58.4010047913 101.132461548 79.4222259521 0 0 3 2
74906 -1 -1 1 1 0 0 0.228349238634 0.758449018002 11 11 560.727661133 31.1301937103 0 2 134.145187378 117.839744568 915.703186035 3 2 7 2
74993 -1 1 1 1 0 0 0.95738786459 0.854986667633 11 -11 37.2805671692 26.6643676758 2 2 75.137550354 96.2398376465 46.4243164062 5 2 7 2
74995 1 -1 1 1 0 0 0.930796086788 0.905630648136 -11 11 44.1157417297 23.7319850922 2 2 147.810836792 110.585716248 49.0391159058 3 3 4 2
80202 -1 -1 1 1 0 0 -0.984105110168 -0.698805510998 11 11 45.6891288757 14.4580497742 0 2 27.0377159119 164.059875488 4.61314868927 3 2 5 2
80239 -1 1 1 1 0 0 -0.934231758118 -0.995432198048 11 -11 23.4497108459 9.9111738205 2 2 76.6521835327 19.607257843 2.62327480316 4 3 6 1
80285 -1 1 1 1 0 1 -0.0345233567059 0.739974617958 11 -11 61.7017288208 33.1642417908 2 2 107.76651001 72.3362350464 121.369560242 4 4 6 2
23518 1 -1 1 1 0 0 -0.501456260681 0.896244466305 -11 11 43.0278396606 17.440738678 2 2 80.0904006958 92.7142028809 110.534584045 3 3 4 2
32755 -1 1 1 1 0 0 0.728654563427 0.832149088383 11 -11 60.315120697 34.0933876038 2 2 59.5325431824 137.325820923 92.3840789795 2 2 3 2
32792 1 -1 1 1 0 0 0.905618548393 0.861944913864 -11 11 35.8529701233 33.3531608582 2 2 123.556106567 102.31778717 84.6163635254 2 2 3 2
36830 1 -1 1 1 0 0 0.96591681242 0.371445208788 -11 11 279.43258667 129.099746704 2 2 270.902496338 349.127593994 229.648590088 4 1 9 2
36836 -1 1 1 1 0 0 0.915915727615 0.353495389223 11 -11 162.839614868 17.2912979126 2 2 109.038406372 59.5392379761 54.5566864014 2 2 2 2
36876 -1 1 1 1 0 0 0.913298070431 0.875967085361 11 -11 41.4306945801 35.2515640259 2 2 137.860519409 157.348068237 44.6400413513 2 2 4 2
37357 -1 1 1 1 0 0 0.693604052067 -0.326290458441 11 -11 252.889846802 49.4500961304 2 2 190.35760498 179.791595459 12.6274356842 3 2 5 4
37369 1 -1 1 1 0 0 0.970410108566 0.178676635027 -11 11 90.2073287964 18.7233276367 2 2 76.31980896 49.6720962524 85.7539367676 4 0 8 2
37388 1 -1 1 1 0 0 -0.0999073386192 0.0620762035251 -11 11 12.2568511963 9.105052948 2 2 168.698486328 134.077941895 20.4338626862 3 1 4 1
66512 -1 1 1 1 0 0 0.910794436932 0.284512758255 11 -11 63.3948478699 24.7504920959 2 2 157.375839233 158.513275146 90.4862976074 2 2 7 2
66539 1 -1 1 1 0 0 0.885342299938 0.969909846783 -11 11 92.8260726929 80.1647644043 2 2 113.125350952 34.1506385803 175.168151855 2 2 4 2
79427 1 1 1 1 0 1 -0.279357671738 -0.564230442047 -11 -11 68.2933959961 18.6292304993 2 2 80.83984375 63.2939453125 71.6037750244 1 1 4 2
79493 -1 1 1 1 1 0 0.853076279163 0.909429788589 11 -11 82.448638916 43.769115448 2 2 91.6577072144 82.8997650146 20.4253349304 2 1 5 2
79495 -1 1 1 1 0 0 0.956656575203 -0.410506188869 11 -11 25.867477417 19.1958141327 2 2 81.7954788208 103.475547791 63.4794960022 2 1 4 2
128912 -1 1 1 1 0 0 -0.914636015892 0.958284854889 11 -11 53.4883308411 30.0239696503 2 2 73.6572570801 189.733184814 53.7600097656 3 1 5 2
128913 1 -1 1 1 0 0 0.855579853058 -0.377534210682 -11 11 116.605239868 18.7032852173 2 2 137.146331787 165.969650269 34.0235710144 2 2 5 2
128924 -1 -1 1 1 0 0 0.948252260685 -0.262875497341 11 11 61.5682144165 24.1281852722 2 1 126.974502563 157.988967896 82.1279067993 5 1 7 2
181707 1 1 1 1 0 0 0.499494373798 0.950120568275 -11 -11 67.845664978 60.2491149902 0 2 30.7597293854 22.4084510803 84.6469650269 0 0 4 2
181786 -1 1 1 1 0 0 0.297198086977 0.823642492294 11 -11 71.4192962646 56.3928985596 2 2 96.1977920532 121.66444397 274.911407471 2 2 3 2
92827 -1 1 1 1 0 0 -0.874354362488 -0.996439218521 11 -11 67.9600219727 22.6231555939 2 2 49.3949813843 145.420394897 52.1678886414 1 0 1 2
92828 1 -1 1 1 0 0 0.906917512417 0.522082030773 -11 11 107.047531128 29.0474491119 2 2 73.7086257935 88.7800445557 119.357879639 3 2 4 2
92873 -1 1 1 1 0 0 0.907964348793 0.451000630856 11 -11 109.991470337 34.4994087219 2 2 247.239822388 162.095825195 51.031879425 2 2 5 2
127704 1 -1 1 1 0 0 0.946363806725 -0.855147004128 -11 11 40.6348571777 10.4937944412 2 2 97.8965072632 135.771026611 47.8183403015 4 4 5 2
127825 1 -1 1 1 0 0 0.911681592464 0.906400561333 -11 11 154.757446289 85.9662857056 2 2 140.919143677 203.950897217 243.900390625 2 1 4 2
140646 -1 1 1 1 0 0 0.375235974789 0.906591653824 11 -11 34.5367164612 28.3874607086 2 2 71.3184509277 29.7455291748 69.0220184326 4 1 5 2
140648 1 -1 1 1 0 0 0.955053925514 0.138485312462 -11 11 182.783294678 13.8073768616 2 2 132.669006348 100.61315155 21.6520252228 2 1 7 2
111101 -1 1 1 1 0 0 0.953497648239 0.138941183686 11 -11 41.076625824 10.7967119217 2 2 57.3895454407 153.233032227 46.440120697 1 1 4 2
111123 -1 -1 1 1 0 0 0.501918494701 0.913155317307 11 11 44.6882896423 21.5800971985 2 2 27.4966812134 95.9482803345 61.4247245789 2 1 6 2
111170 -1 1 1 1 0 0 -0.715684056282 0.796101272106 11 -11 86.6603393555 57.5719146729 0 2 30.7503147125 80.1448822021 110.717063904 3 1 5 2
111188 -1 1 0 1 0 0 -0.89304792881 0.906040251255 11 -11 44.7334632874 30.995382309 2 2 91.0454101562 66.6241912842 76.1727676392 3 2 10 2
111844 -1 -1 1 1 0 0 0.913894712925 0.815839111805 11 11 126.63709259 48.845123291 0 2 240.726516724 191.142623901 142.7368927 4 1 10 2
111871 1 -1 1 1 0 0 0.917444884777 -0.039583094418 -11 11 124.200141907 8.03356456757 2 2 114.863014221 167.690994263 55.0616264343 2 1 5 1
111872 1 1 1 1 0 0 -0.924028873444 0.900684177876 -11 -11 51.7182388306 20.3183441162 2 2 101.900550842 93.8729324341 50.8447952271 2 1 5 2
131029 1 1 1 1 0 0 0.25365909934 0.368444859982 -11 -11 18.3114051819 16.9259376526 2 2 89.2164993286 5.40161848068 28.8541965485 2 1 4 2
135032 -1 1 1 1 0 0 0.966634690762 -0.732930958271 11 -11 250.059524536 162.657958984 0 2 100.836967468 22.187915802 423.359802246 3 2 5 2
135051 1 1 1 1 0 0 0.681095719337 0.981305778027 -11 -11 89.2546005249 88.4222793579 2 2 43.8335266113 97.4653244019 51.7768630981 2 2 3 3
135073 1 -1 1 1 0 0 0.797513127327 0.432659000158 -11 11 107.105422974 20.1043815613 2 2 114.355133057 109.834960938 113.518676758 2 2 5 2
128574 -1 1 1 1 0 0 0.918985188007 0.933044850826 11 -11 78.0447998047 71.5391845703 2 2 60.7744216919 119.910079956 256.391479492 3 1 4 2
128580 -1 1 1 1 0 0 0.729238629341 0.884914875031 11 -11 152.819488525 20.2032012939 2 2 19.7437515259 39.6742897034 42.5195541382 4 3 9 2
128658 1 -1 1 1 0 0 0.799341440201 -0.218664348125 -11 11 30.8780155182 12.1891918182 2 2 166.913879395 137.980224609 59.2770347595 3 1 6 2
128674 1 1 1 1 0 0 -0.536335647106 0.676913619041 -11 -11 204.094741821 138.60736084 2 2 260.986999512 311.531219482 32.977268219 3 2 6 3
129045 -1 -1 0 1 0 0 0.950512111187 0.826174259186 11 11 176.16192627 111.273231506 0 0 27.7237663269 47.6588973999 49.831817627 2 1 7 2
138559 -1 -1 1 1 0 0 0.915852606297 -0.555942475796 11 11 33.6458816528 20.1301174164 2 2 48.0561103821 36.6390533447 40.4705543518 5 2 5 2
134818 -1 1 1 1 0 0 0.0288684275001 -0.841312110424 11 -11 24.7750797272 8.16433143616 2 2 58.8685531616 74.9099884033 28.4379463196 2 1 4 1
145325 1 -1 1 1 0 0 0.66816174984 0.948038220406 -11 11 127.5025177 83.7878952026 2 2 105.296661377 69.3312835693 198.158599854 4 3 6 2
145348 1 -1 1 1 0 0 0.946783602238 0.90951192379 -11 11 72.3362731934 25.4658241272 2 2 63.4982681274 59.6992912292 13.001742363 3 2 5 3
145363 1 1 1 1 0 0 0.556739866734 -0.997742116451 -11 -11 50.7400970459 17.3999557495 2 2 39.5213508606 16.502658844 78.1572265625 6 4 7 2
145383 -1 1 1 1 0 0 0.575922489166 0.14834369719 11 -11 15.6421079636 14.7473173141 2 2 116.318710327 101.633972168 25.0705566406 3 1 4 2
145391 1 -1 1 1 0 0 0.821104228497 -0.715830028057 -11 11 32.9714698792 13.9686822891 2 2 57.7117919922 52.2098884583 42.7925834656 2 1 5 2
149638 1 1 1 1 0 0 -0.868259906769 0.918434679508 -11 -11 43.61095047 27.8094520569 0 2 26.0322856903 35.8388824463 48.2500419617 4 3 5 2
174238 1 -1 1 1 0 0 0.96550488472 -0.512619078159 -11 11 34.6088066101 29.615447998 2 2 133.195922852 147.162445068 56.027759552 2 2 3 2
174260 -1 1 1 0 0 1 0.722534060478 -0.511515915394 11 -11 78.5910797119 26.5096473694 2 0 78.1727142334 76.8774719238 34.4262390137 2 1 3 3
139308 1 1 1 1 0 0 0.96837413311 0.568214356899 -11 -11 51.8120803833 28.4296741486 2 2 7.09019756317 42.290435791 101.148658752 4 2 7 2
139338 1 -1 1 1 0 0 -0.346438258886 0.955606877804 -11 11 208.491607666 80.6258621216 2 2 187.02722168 104.390426636 119.417350769 2 0 3 3
139357 1 -1 1 1 0 0 0.893091082573 0.71565425396 -11 11 77.2976379395 51.2654304504 2 2 97.0862579346 84.3488540649 19.0538063049 1 0 3 4
139397 -1 1 1 1 0 0 0.815475225449 0.511773169041 11 -11 91.9509887695 18.0710411072 2 2 105.237373352 129.040664673 89.1352996826 1 0 3 2
165821 1 1 1 1 0 0 0.552779734135 0.364444553852 -11 -11 21.6623802185 13.4858293533 2 2 148.028106689 167.007171631 32.4626197815 2 1 6 2
165837 1 -1 1 1 0 0 0.249153539538 0.874851226807 -11 11 39.3157844543 28.407699585 2 2 95.5907363892 74.1403198242 31.842748642 2 2 3 2
165891 1 -1 1 1 0 0 0.967302322388 0.627943813801 -11 11 69.1511917114 24.6115779877 2 2 147.297302246 105.564300537 41.8526229858 2 2 3 3
171724 1 -1 1 1 0 0 0.957387506962 0.925630748272 -11 11 88.4380340576 35.7015724182 2 2 144.826873779 93.3667678833 46.1298713684 1 1 4 2
171740 -1 -1 1 1 0 0 0.935491502285 0.956077456474 11 11 79.0709457397 18.6113605499 2 2 56.7461242676 78.424949646 17.4933280945 0 0 2 2
175824 -1 -1 1 1 0 0 0.502173900604 0.348370403051 11 11 59.2918167114 21.2509098053 2 2 85.0031890869 109.229850769 19.8770465851 3 0 5 2
175854 -1 -1 1 1 0 0 0.331198394299 0.140941366553 11 11 40.9570846558 11.3439664841 2 2 10.4472417831 66.3792953491 54.7088050842 4 3 4 2
175877 1 -1 1 1 0 0 0.971597135067 0.891737759113 -11 11 68.2706298828 58.7079238892 2 2 12.5802297592 59.3827705383 131.15045166 1 1 4 2
178424 1 -1 1 1 0 0 -0.995025992393 -0.728592336178 -11 11 49.4623451233 34.0851593018 2 2 50.3829193115 42.9899749756 225.578765869 1 0 3 2
178435 -1 1 1 1 0 0 0.922943115234 -0.625545978546 11 -11 96.9487457275 35.9079627991 2 2 69.9399337769 108.273826599 155.566268921 2 2 5 2
181833 1 -1 1 1 0 0 0.904838562012 0.778375506401 -11 11 66.3323287964 14.4127349854 2 2 111.831108093 117.534423828 34.7812232971 3 1 4 2
181863 1 -1 1 1 0 0 0.617563545704 0.970874190331 -11 11 71.0021438599 52.4335975647 2 2 31.346124649 43.1570320129 123.392356873 2 1 5 2
6722 -1 1 1 1 0 0 0.565183162689 0.132911488414 11 -11 40.9964561462 17.5533237457 2 2 31.269575119 142.75328064 88.458694458 0 0 4 2
6739 1 -1 1 1 0 0 0.937685966492 -0.717125058174 -11 11 98.8197479248 13.2322130203 2 2 60.9942626953 51.8163223267 89.2050704956 3 1 5 2
6785 -1 1 1 1 0 0 -0.416056782007 0.954471588135 11 -11 87.9323120117 83.8644638062 2 2 83.7449188232 107.044090271 34.6597900391 4 3 5 2
20706 1 -1 1 1 0 0 0.194727987051 -0.840486466885 -11 11 30.4622421265 24.4540576935 2 2 163.225708008 98.1890487671 128.062698364 4 2 5 2
20759 -1 -1 1 1 0 0 0.927535891533 0.533877909184 11 11 39.5966911316 13.1935243607 2 2 21.9576053619 64.8430786133 37.2823295593 3 0 4 2
24303 -1 1 1 1 0 0 0.950651824474 0.772178769112 11 -11 76.020111084 31.9121379852 2 2 300.23260498 218.170791626 149.204208374 2 2 5 2
24366 1 -1 1 1 1 0 -0.989368736744 -0.729645133018 -11 11 19.2653541565 18.3694610596 1 2 51.3966331482 27.7190685272 4.16472673416 2 1 4 2
24373 -1 1 1 1 0 0 -0.533970296383 0.258334934711 11 -11 27.0521965027 24.6456356049 2 2 172.525054932 104.80544281 86.3121643066 2 0 6 2
25622 1 1 1 1 0 0 0.966984570026 0.58375287056 -11 -11 126.049972534 65.5914840698 2 2 62.2263908386 91.0847244263 149.128601074 0 0 4 2
25655 -1 1 0 1 0 0 0.885004758835 0.967742860317 11 -11 50.1161651611 41.6131820679 2 2 26.8649349213 58.3797187805 79.9261779785 2 2 6 2
25659 1 -1 1 0 0 0 0.932179629803 0.716453552246 -11 11 47.3702735901 23.1682224274 2 0 60.3093070984 304.676025391 28.1813049316 1 1 5 2
13037 1 -1 0 0 0 0 -0.908109486103 0.970802664757 -11 11 453.031829834 63.8302307129 2 2 58.4492988586 454.716552734 205.944625854 2 2 9 2
14570 1 -1 1 1 0 0 0.888280689716 0.776429951191 -11 11 53.2224998474 30.3950004578 2 2 188.084259033 235.055389404 79.2336730957 4 3 6 2
14572 -1 -1 0 1 0 0 0.762455701828 0.924583852291 11 11 112.58997345 53.3954734802 1 2 54.3294944763 32.4144630432 71.7102355957 2 1 3 3
14584 -1 1 1 1 0 0 0.900227487087 -0.571054160595 11 -11 102.226219177 23.0482330322 2 2 90.9218444824 52.5747756958 84.5023727417 5 2 6 2
14585 -1 1 1 1 0 0 0.604045987129 0.882264137268 11 -11 38.0875396729 26.1906433105 2 2 60.0365524292 35.3588371277 74.3863677979 1 1 3 2
29933 1 -1 1 1 0 0 0.687544286251 0.881345450878 -11 11 35.7526054382 26.7378063202 2 2 112.142341614 83.7954711914 49.9463386536 2 2 4 2
29955 1 1 1 1 0 0 0.932108640671 0.915710031986 -11 -11 37.4003067017 22.2614994049 2 2 31.1449584961 32.3768730164 57.2105560303 1 1 7 2
29956 -1 -1 1 1 0 0 0.00490966718644 -0.352661430836 11 11 131.928527832 35.791103363 2 2 49.6481208801 164.965301514 147.059371948 3 1 10 2
29979 1 -1 1 1 0 0 0.320837557316 0.941340863705 -11 11 136.48034668 36.433391571 2 2 121.112945557 163.316268921 133.796051025 1 1 5 2
29982 -1 1 1 1 0 0 0.836284041405 0.652761280537 11 -11 49.4653587341 27.6285495758 0 2 76.9405212402 28.5461578369 83.7960891724 4 1 5 2
30725 -1 1 1 1 0 0 0.934918165207 0.645150542259 11 -11 88.6310272217 23.8587799072 2 2 190.222824097 158.159057617 73.1817703247 3 3 6 2
30745 1 -1 1 1 0 0 0.340440422297 -0.866077303886 -11 11 43.3551025391 13.1553792953 2 2 46.9760284424 74.9636306763 47.4314880371 1 1 1 2
20908 1 1 1 1 0 0 -0.688407480717 -0.954355835915 -11 -11 33.7307777405 8.98293495178 2 2 151.706863403 66.0988311768 15.2277450562 2 2 8 1
20996 1 1 1 1 0 0 0.932713627815 0.970140993595 -11 -11 103.987922668 97.0708694458 2 2 150.141235352 141.556304932 216.282546997 4 3 6 2
34758 -1 -1 1 1 0 0 -0.904442369938 0.898896872997 11 11 350.87487793 75.1277618408 2 2 108.266868591 142.125152588 83.6590881348 2 2 5 3
34784 1 1 1 1 0 0 -0.461188167334 -0.227843120694 -11 -11 39.5381660461 10.6645669937 2 2 66.8006362915 128.033889771 41.3374900818 3 2 6 2
70537 -1 1 1 1 0 0 0.746710240841 0.701955258846 11 -11 47.3017082214 29.1255054474 2 2 159.004745483 234.527130127 54.7755241394 3 2 7 2
96013 -1 1 1 1 0 0 0.955564379692 0.844482302666 11 -11 176.93699646 69.3655700684 2 2 139.288848877 125.939567566 212.905822754 3 2 4 2
96032 -1 1 1 1 0 0 0.821458041668 0.95923435688 11 -11 93.4570999146 81.7408447266 2 2 45.9029960632 106.944610596 42.8384628296 1 1 3 3
96036 1 -1 1 1 0 1 0.854211330414 0.915912866592 -11 11 50.719417572 50.3162651062 0 2 128.886459351 21.7209720612 82.9946746826 4 3 8 2
96047 1 -1 1 1 0 0 0.851653933525 0.905834317207 -11 11 134.383422852 75.4883041382 2 2 77.2061767578 23.5169620514 205.22013855 4 1 5 2
62309 -1 1 1 1 0 0 0.843107819557 0.471208810806 11 -11 101.82118988 19.6486415863 2 2 59.155456543 26.8109455109 51.6884307861 2 1 4 2
62334 -1 -1 1 1 0 0 0.403890043497 -0.886869251728 11 11 30.1347122192 11.1354236603 0 2 47.6938400269 94.9443511963 36.4184684753 4 3 4 2
62390 1 -1 1 1 0 0 0.645937144756 -0.479709595442 -11 11 32.6280136108 20.0678787231 2 2 46.4815559387 65.1619110107 38.6078300476 4 3 5 2
71211 -1 1 1 1 0 0 0.964745163918 0.68356359005 11 -11 23.3087978363 17.9206886292 2 2 82.0945892334 102.180854797 47.9695968628 2 2 5 2
71215 1 -1 1 1 0 0 0.949875593185 0.92627030611 -11 11 67.6032867432 59.4355049133 2 2 9.31859397888 2.84208965302 111.993812561 2 2 5 2
71226 1 -1 1 1 0 0 0.701434791088 0.848695278168 -11 11 38.545249939 34.7446098328 2 2 56.5961685181 106.62776947 17.6221504211 2 1 4 2
71297 1 -1 1 1 0 0 0.92939722538 0.219124644995 -11 11 82.7263641357 20.5965709686 2 2 39.6220855713 49.5247573853 61.2419433594 4 2 5 2
71300 -1 1 1 1 0 0 0.96428668499 0.650101959705 11 -11 41.9047431946 41.0722122192 2 2 60.2745132446 39.4084777832 70.489982605 5 2 6 2
89610 -1 1 1 1 0 0 0.439528822899 -0.954740583897 11 -11 44.2928504944 21.6747264862 2 2 35.27576828 43.5405502319 15.067276001 2 2 4 2
89641 1 -1 1 1 0 1 0.967769503593 0.70361405611 -11 11 69.8371505737 28.2829380035 2 2 98.4143066406 71.9028320312 79.5673446655 3 2 3 2
89656 1 -1 1 1 0 0 0.933527648449 0.657893657684 -11 11 94.1014328003 11.1181402206 2 2 76.7869796753 136.247680664 26.5587730408 2 2 4 2
89668 -1 1 1 1 0 0 -0.881111502647 -0.645246863365 11 -11 15.6347360611 15.4455127716 2 2 144.553314209 143.392990112 47.3033714294 4 1 6 2
89694 -1 1 1 1 0 0 0.822345197201 0.751815676689 11 -11 74.936088562 29.4502849579 2 2 45.9880447388 41.0582046509 24.7773132324 2 2 4 2
100466 -1 -1 1 1 0 0 0.930239975452 -0.133896782994 11 11 71.8136901855 34.6957855225 2 2 58.2125854492 80.5631027222 93.3280487061 3 1 6 2
75311 -1 1 1 1 0 0 -0.618507325649 0.842883944511 11 -11 70.0062713623 16.791261673 2 2 88.402381897 48.701713562 77.3268737793 1 1 1 2
79758 -1 1 1 1 0 0 0.603172600269 -0.0902908667922 11 -11 54.3894386292 51.4099960327 2 2 144.323471069 67.7899475098 43.0042266846 4 2 4 3
82002 1 -1 1 1 0 0 0.886448681355 0.737915158272 -11 11 42.1460342407 24.0000400543 2 2 90.3924255371 53.1819267273 41.1546363831 4 1 5 2
82048 1 -1 1 1 0 0 0.930437326431 -0.392330497503 -11 11 61.6369285583 14.2382497787 2 2 50.5123710632 16.2754497528 22.3331832886 3 1 5 2
83037 1 -1 1 1 0 0 0.832017481327 -0.363563805819 -11 11 63.0717582703 21.6703414917 0 2 152.624053955 150.29637146 107.062217712 1 1 9 2
83051 1 -1 1 1 0 0 0.946158766747 0.154293417931 -11 11 35.4304847717 32.3617858887 2 2 38.2963027954 57.5048065186 74.9084014893 3 2 3 2
83094 -1 1 1 1 0 0 0.930762410164 -0.00410985108465 11 -11 29.9586696625 19.9426708221 2 2 116.5391922 93.7431411743 56.4625549316 5 0 6 2
83100 -1 1 1 1 0 0 0.95221298933 0.468335211277 11 -11 24.7684860229 20.8298969269 2 2 19.6039772034 71.0651550293 55.3474807739 2 1 5 2
126739 -1 1 1 1 0 0 0.939378321171 0.705217003822 11 -11 161.684295654 92.8863983154 2 0 111.401679993 152.307373047 306.837554932 3 3 6 2
126751 1 -1 1 1 0 0 0.794569611549 0.751887857914 -11 11 160.4662323 23.4585647583 2 2 241.060302734 250.261123657 114.439155579 4 4 6 2
155931 -1 1 1 1 0 0 -0.394068419933 0.0945735871792 11 -11 28.034614563 27.2943077087 0 2 41.024230957 49.4513015747 45.0237579346 1 1 4 2
155944 -1 -1 1 1 0 0 0.731558561325 0.837527692318 11 11 116.290893555 83.7520446777 0 2 76.6214523315 10.9912786484 191.915725708 3 1 5 2
155945 -1 1 1 1 0 0 0.78166359663 0.709148526192 11 -11 42.4582977295 31.6976547241 2 2 94.7993011475 64.6234283447 36.9000320435 2 2 7 2
155949 -1 1 1 1 0 0 0.900202274323 0.968782246113 11 -11 51.1066017151 38.9574508667 2 2 122.333648682 77.5404968262 22.296957016 3 2 6 2
155952 1 1 0 1 0 0 -0.748779833317 0.903530180454 -11 -11 39.1885528564 21.5342292786 0 2 71.9900283813 102.791572571 42.2625961304 3 1 7 2
155970 -1 1 1 1 0 0 0.385506629944 0.782769382 11 -11 105.547851562 49.8329620361 2 2 213.98274231 323.763549805 187.836700439 0 0 3 2
155976 1 -1 1 1 0 0 0.952280938625 0.933618068695 -11 11 115.497344971 37.6483039856 0 2 88.3246536255 37.898223877 101.295822144 3 2 4 2
156626 -1 1 1 1 0 0 0.939139127731 0.372465014458 11 -11 108.528053284 13.8859844208 2 2 19.6266613007 121.16116333 41.2158699036 2 0 5 2
156675 -1 1 1 1 0 0 -0.983489990234 -0.994145929813 11 -11 30.1549472809 21.3458480835 2 2 30.1127109528 87.2811050415 34.8842315674 0 0 5 2
149766 -1 1 1 1 0 0 0.915694773197 0.890518009663 11 -11 137.263763428 62.5076179504 2 2 72.8941345215 25.4507522583 114.936309814 2 2 5 2
149773 -1 -1 1 1 0 0 0.937299370766 0.896910190582 11 11 32.6634407043 23.9772624969 2 2 67.5498657227 12.0297985077 43.8330001831 0 0 3 2
158756 1 -1 1 1 0 0 -0.842154681683 0.170709550381 -11 11 25.3820552826 15.8487567902 2 2 111.210975647 57.6887512207 25.534029007 2 2 3 3
158760 -1 1 1 1 0 0 0.50210082531 0.828781247139 11 -11 95.2758712769 60.0636062622 2 2 109.688865662 110.164405823 126.987434387 0 0 3 2
158782 -1 1 1 1 0 0 0.845923125744 0.561212599277 11 -11 21.0130691528 19.1218280792 2 2 215.949005127 231.206268311 31.7628574371 3 3 5 2
176211 -1 1 1 1 0 0 0.963467776775 -0.459147542715 11 -11 38.7762680054 35.285282135 2 0 337.200897217 268.358062744 71.1449432373 3 1 6 2
176234 1 1 1 1 0 0 0.936131954193 -0.961876749992 -11 -11 51.3936653137 13.1309814453 2 2 52.1362800598 54.0321044922 49.3712310791 2 1 9 2
188570 1 -1 1 1 0 0 0.960157454014 0.95694309473 -11 11 235.166305542 68.638053894 2 2 186.810165405 170.019485474 239.456710815 5 3 7 2
188596 -1 1 1 1 0 0 0.932525277138 0.515847086906 11 -11 48.712890625 17.1962509155 2 2 270.425476074 304.096557617 75.420501709 2 2 2 2
154717 1 -1 1 1 0 0 0.911757051945 0.86461097002 -11 11 74.6070251465 45.9039230347 2 2 48.9941902161 31.5791759491 53.4116630554 2 2 5 2
197915 -1 1 1 1 0 0 0.803163826466 -0.468204557896 11 -11 41.9033088684 18.6640472412 2 2 66.4118499756 70.7152328491 101.750724792 2 2 4 2
197929 -1 1 1 1 0 0 0.952973484993 0.859695255756 11 -11 101.516906738 59.4247970581 2 2 44.5356025696 43.2745132446 210.695648193 2 2 3 2
197977 -1 -1 1 1 0 0 0.94109994173 0.9637991786 11 11 267.664154053 28.8464260101 2 2 197.051803589 188.030654907 152.824371338 2 2 5 2
160809 -1 1 1 1 0 0 -0.285935372114 -0.510008335114 11 -11 38.9944458008 21.6182632446 2 2 43.9596481323 49.4145812988 52.2015533447 3 1 6 2
160819 1 -1 1 1 0 0 0.740486860275 -0.903164505959 -11 11 100.221984863 50.6928901672 2 2 152.749771118 143.502151489 138.130264282 4 1 10 2
160859 -1 1 1 1 0 0 0.966682851315 0.571782469749 11 -11 106.568710327 20.9758605957 2 2 200.466888428 204.647857666 87.9390487671 2 1 4 2
183327 1 -1 1 1 0 0 0.819564759731 0.536768436432 -11 11 47.5202903748 26.9135150909 2 2 63.9483184814 66.2775115967 46.5128822327 1 0 5 2
183371 -1 1 0 1 0 0 0.132508680224 -0.950455904007 11 -11 60.7890701294 16.707151413 2 2 26.8772125244 54.3166275024 76.352684021 2 1 6 2
183391 1 1 1 1 0 0 0.889512717724 -0.259158581495 -11 -11 49.8189239502 18.2457447052 2 2 84.6867141724 128.734283447 24.5006942749 1 1 10 2
183399 -1 1 1 1 0 0 0.933708310127 -0.843161761761 11 -11 46.2842903137 25.9503192902 2 2 13.0799684525 35.5984954834 69.1319046021 5 3 5 2
191214 -1 1 1 1 0 0 -0.994107604027 0.545698583126 11 -11 113.393783569 44.4910430908 2 2 203.304702759 145.511535645 19.4170055389 0 0 1 3
191250 1 1 1 0 0 1 0.091048873961 -0.477206885815 -11 -11 34.5271720886 15.868973732 2 2 101.858627319 132.121322632 5.03206300735 5 4 6 2
198613 1 -1 1 1 0 0 0.824487268925 0.865141093731 -11 11 94.2800598145 30.3289890289 2 2 153.931884766 119.984642029 204.815750122 2 2 5 2
198625 1 -1 1 1 0 0 0.957786798477 0.931670367718 -11 11 135.604507446 115.043968201 2 2 246.690460205 240.118850708 271.867980957 1 0 3 2
198699 -1 1 1 1 0 0 0.87031430006 -0.916018128395 11 -11 55.8154411316 28.6847782135 2 2 48.5762443542 13.8029632568 36.8054885864 0 0 4 2
198758 1 -1 1 1 0 0 0.971142172813 0.123282425106 -11 11 64.358291626 19.6224861145 2 2 49.522731781 50.9575119019 35.0735969543 3 2 6 2
198780 1 1 1 0 0 0 0.957840681076 0.588267743587 -11 -11 88.3268432617 85.0813827515 2 2 37.0251159668 20.7553653717 33.3648490906 1 1 4 3
195002 -1 1 1 1 0 0 -0.919600307941 0.341695874929 11 -11 41.9993515015 24.6114730835 2 2 56.6018409729 59.8952484131 147.522750854 4 2 5 2
195029 1 -1 1 1 0 0 0.921570122242 0.884444713593 -11 11 59.7484588623 47.7892570496 2 2 29.1803646088 9.27437210083 135.851409912 5 2 5 2
195031 1 -1 1 1 0 0 0.926859438419 -0.0124258836731 -11 11 88.6023864746 36.1179084778 2 2 89.2736206055 63.8957061768 110.656547546 2 1 5 2
199016 -1 -1 1 1 0 0 0.857079088688 0.37479647994 11 11 101.984962463 9.55371189117 2 2 74.8089141846 79.9845809937 61.1322059631 3 1 7 1
199020 -1 -1 1 1 0 0 -0.471127986908 -0.447841286659 11 11 15.3698978424 12.0698194504 2 2 131.453018188 123.416000366 76.8686447144 1 0 4 2
199044 -1 1 0 1 0 0 0.782790660858 0.0473405681551 11 -11 94.8347549438 73.5143737793 0 2 41.3807983398 82.2678451538 150.308792114 2 1 3 2
8027 1 -1 1 1 0 0 0.957257211208 -0.0384341068566 -11 11 56.2717895508 24.1106243134 2 2 77.7794036865 93.7897796631 63.3534736633 2 2 4 2
8044 1 -1 1 1 0 0 0.488246321678 0.391908973455 -11 11 13.3788175583 10.7764444351 2 2 41.4938850403 28.9311981201 15.4415712357 2 1 3 2
8086 -1 1 0 1 0 0 -0.985112607479 -0.488243341446 11 -11 80.4252243042 30.3143882751 2 2 18.4081478119 71.6664581299 57.8419647217 1 1 2 2
15772 -1 1 1 1 0 0 0.745877385139 -0.583837985992 11 -11 30.7126464844 21.5057582855 2 2 268.794952393 128.20451355 19.2522087097 0 0 2 2
24122 1 1 1 1 0 0 -0.143312051892 0.0253724362701 -11 -11 20.2387466431 9.1384305954 2 2 25.7949714661 36.7951393127 34.2037467957 4 2 6 1
24167 -1 1 1 1 0 0 0.876655042171 -0.964599370956 11 -11 170.803207397 37.4275817871 0 2 43.3913154602 76.6134796143 108.411880493 2 2 4 2
24182 1 -1 1 1 0 0 0.970063984394 0.792568027973 -11 11 99.2797698975 48.2384681702 2 2 125.146308899 143.623443604 173.725021362 3 3 6 2
24191 -1 1 1 1 0 0 -0.939900279045 -0.854745447636 11 -11 45.0774230957 30.1405696869 2 2 14.2013120651 28.3031921387 2.58816194534 2 2 5 2
28022 1 -1 1 1 0 0 0.8050776124 0.908555686474 -11 11 34.4487190247 30.4922218323 2 2 34.362071991 76.2033462524 73.4132995605 1 1 6 2
15275 1 -1 1 1 0 0 0.885661244392 0.868479728699 -11 11 46.4342193604 15.5454874039 2 2 149.198226929 291.744110107 47.3457450867 2 1 5 2
29211 1 -1 1 1 0 0 0.303068459034 0.878486096859 -11 11 58.157333374 57.8094558716 1 2 124.519706726 105.188102722 98.2835922241 0 0 6 2
29246 -1 1 1 1 0 0 0.896305501461 0.944694519043 11 -11 81.1071929932 35.4814147949 1 2 127.688453674 130.080764771 123.863769531 4 2 5 2
29265 1 1 0 1 0 0 -0.865516364574 0.908468425274 -11 -11 32.0340614319 17.9449977875 2 2 68.611869812 71.947265625 95.3684997559 5 2 7 2
30625 -1 -1 1 1 0 0 0.509630203247 0.971328020096 11 11 129.355560303 110.265586853 2 2 68.344909668 144.764419556 201.81288147 2 2 5 2
30630 1 -1 1 1 0 0 0.908942937851 0.797252476215 -11 11 61.6796836853 58.6597251892 2 2 100.526695251 151.696914673 24.0663490295 3 1 3 2
30686 1 1 1 1 0 0 0.913483917713 0.260539054871 -11 -11 62.3175048828 14.2814207077 2 2 171.816040039 100.261520386 47.1275100708 2 1 5 2
93851 1 -1 1 1 0 0 -0.00719859777018 0.207046255469 -11 11 114.172523499 53.725528717 2 2 47.8393325806 115.232307434 159.976364136 1 1 2 2
93885 1 -1 1 1 0 0 -0.846374094486 0.153803065419 -11 11 123.993255615 51.230304718 0 2 430.390258789 401.333435059 196.011520386 2 0 6 2
93891 1 -1 1 0 0 0 0.905456602573 0.901329219341 -11 11 263.352508545 115.786277771 2 2 59.1482124329 58.8154296875 625.014160156 5 4 5 2
56515 1 1 1 1 0 0 -0.959997653961 0.846216082573 -11 -11 144.375656128 31.420583725 2 2 54.0769004822 82.3395080566 124.308547974 2 2 4 2
56529 1 -1 1 1 0 0 0.915842711926 0.93311804533 -11 11 171.788742065 93.3783950806 2 2 71.9952697754 73.7620620728 40.0787467957 2 1 3 4
56550 1 -1 1 1 0 0 0.927078783512 0.882138550282 -11 11 128.14616394 71.4018783569 2 2 41.8005599976 72.4550323486 373.33215332 1 0 1 2
56556 -1 -1 1 1 0 0 0.865641176701 0.962064445019 11 11 92.401763916 47.8946762085 2 2 59.9712409973 68.1307830811 160.458679199 3 0 6 2
56588 1 -1 1 1 0 0 0.817056417465 -0.289466410875 -11 11 46.4115943909 17.0436668396 2 2 113.12285614 71.3542175293 47.8331413269 3 0 4 2
65239 1 -1 1 1 0 0 0.910663187504 -0.187975093722 -11 11 90.8681411743 16.2119884491 2 2 51.3372154236 48.3125419617 106.911735535 2 2 4 2
65809 -1 1 1 1 0 0 0.913599669933 0.935491502285 11 -11 82.6919937134 49.4777832031 2 2 11.3603124619 45.7932777405 187.21383667 3 2 6 2
65814 1 -1 1 1 0 0 0.910967409611 0.956482946873 -11 11 102.476989746 44.7423591614 2 2 95.5795211792 74.4902191162 76.6560745239 2 1 4 3
65890 -1 1 1 1 0 0 0.871209204197 0.743894696236 11 -11 38.6625900269 16.5854072571 2 2 80.7090835571 26.647277832 43.0239753723 2 1 2 2
78201 1 1 1 1 0 0 -0.960190415382 0.933305740356 -11 -11 95.737739563 58.2734107971 0 0 60.1591491699 23.8158588409 103.077461243 3 3 5 2
65040 1 -1 1 1 0 0 0.975951433182 0.412395238876 -11 11 120.035888672 17.7327747345 2 2 137.462203979 24.072555542 60.498298645 3 2 5 2
65100 1 -1 1 1 0 0 0.697419047356 0.611889302731 -11 11 51.3694267273 34.1938858032 2 2 11.4768047333 94.6108627319 109.059181213 3 3 3 2
65115 -1 1 1 1 0 0 0.833846151829 -0.629008471966 11 -11 22.0656318665 16.3534355164 2 2 390.930175781 406.139007568 23.894153595 1 0 5 2
65143 -1 -1 1 1 0 0 -0.231130793691 0.879947662354 11 11 18.5499858856 11.9960975647 2 2 114.241653442 67.5001144409 61.1254386902 0 0 8 2
65165 -1 1 1 1 0 0 0.906172454357 -0.992244184017 11 -11 77.8704910278 48.5375175476 2 2 60.0850028992 60.4425735474 127.199539185 3 3 4 2
65170 1 -1 1 1 0 0 0.926505744457 0.879348099232 -11 11 50.3340187073 40.9772186279 2 2 38.1926803589 11.9359045029 11.9403800964 1 1 3 3
65195 -1 1 1 1 0 0 0.963001906872 -0.79903781414 11 -11 165.086715698 97.290725708 2 2 25.2656230927 399.640563965 277.093292236 2 1 4 2
73792 1 -1 1 1 0 0 0.811008453369 -0.710957527161 -11 11 55.5947341919 42.9459495544 0 2 70.0253677368 47.7901229858 64.9352798462 2 1 4 3
99472 -1 1 1 1 0 0 0.857350707054 0.824895322323 11 -11 61.4813995361 30.8830986023 2 2 94.5131988525 98.5486984253 33.6280326843 2 1 5 2
99486 -1 -1 1 1 0 0 0.950912892818 -0.958724319935 11 11 157.446228027 76.3308486938 2 0 54.0150260925 48.5357894897 293.180633545 3 1 5 2
81821 -1 1 1 1 0 0 0.910024642944 0.879000604153 11 -11 209.106552124 11.4317541122 2 2 29.2651863098 56.0572319031 50.9417076111 3 1 6 2
81851 1 -1 1 1 0 0 0.827136278152 0.953360617161 -11 11 128.636703491 44.6421203613 2 2 35.076789856 3.66978120804 125.906890869 2 1 3 2
81857 -1 1 1 1 0 0 0.808795034885 0.959578096867 11 -11 58.5301399231 42.1093330383 2 2 64.6376419067 31.1563587189 98.1731414795 2 2 2 2
81896 1 -1 1 1 0 0 -0.989342749119 0.971593916416 -11 11 50.3386421204 47.0905532837 0 2 166.372131348 74.3072891235 90.2531738281 3 2 6 2
148319 1 -1 1 1 0 0 0.918954074383 -0.506269872189 -11 11 184.306686401 90.6371002197 2 2 83.7509078979 58.5326805115 59.3530273438 1 1 3 3
148331 -1 1 1 1 0 0 0.680801093578 -0.43664380908 11 -11 25.3251304626 13.1506462097 2 2 63.2570800781 49.0781593323 37.9597625732 1 0 6 2
148382 -1 1 1 1 0 0 0.667547047138 0.847422480583 11 -11 104.769874573 93.837020874 2 2 163.266143799 134.460708618 37.2809867859 2 1 7 2
150205 -1 1 1 0 0 0 0.761711120605 0.755146026611 11 -11 241.555343628 41.0840148926 2 1 37.028678894 33.1639060974 71.2361907959 1 0 4 2
150223 1 -1 1 1 0 0 -0.336253345013 -0.923696637154 -11 11 46.6927261353 16.9552536011 2 0 114.059921265 136.882278442 4.43790483475 2 2 5 2
150267 1 -1 1 1 0 0 0.0275609567761 0.931904137135 -11 11 32.1206741333 27.0468273163 2 2 41.9710540771 81.6147537231 69.1535720825 0 0 7 2
150285 -1 1 1 1 0 0 0.958885610104 -0.910620927811 11 -11 105.109779358 98.2341690063 2 2 51.0578804016 72.3513870239 310.469116211 4 2 6 2
150294 -1 1 1 1 0 0 0.872914016247 0.926218986511 11 -11 56.4060249329 34.5181007385 0 2 108.836639404 68.3831253052 68.7435455322 2 0 4 2
155244 1 -1 1 1 0 0 0.804731726646 -0.84009462595 -11 11 131.772354126 79.5135574341 2 2 74.5179519653 82.4559707642 202.355880737 1 1 3 2
155290 -1 -1 1 1 0 0 0.939493119717 -0.531732738018 11 11 178.891082764 11.889084816 2 2 365.53527832 407.6534729 83.8750839233 1 1 2 2
107939 -1 1 1 1 0 0 0.906808674335 0.766443729401 11 -11 36.3260765076 17.9920463562 2 2 174.076431274 54.6029853821 47.2149353027 1 1 3 2
108321 1 -1 1 1 0 0 0.92029184103 0.76246291399 -11 11 87.077331543 18.805896759 2 2 24.1907634735 8.99564266205 78.7954101562 1 1 3 2
108339 -1 -1 1 1 0 0 0.969038784504 0.583747506142 11 11 49.3520393372 19.4146194458 2 2 87.9734649658 35.13489151 55.7335090637 4 1 7 2
108375 1 -1 1 1 0 0 0.934918165207 0.627384066582 -11 11 49.1406517029 12.1110982895 2 2 127.534492493 139.027420044 44.0406188965 3 2 6 2
108907 1 -1 1 1 0 0 0.934249997139 0.824438512325 -11 11 88.4979476929 56.4249954224 2 2 40.4240608215 50.2550849915 23.3977985382 2 1 4 3
109283 -1 1 1 1 0 0 0.935491502285 0.569199800491 11 -11 96.642791748 15.4616794586 2 2 79.4103393555 101.328315735 79.6373596191 1 1 2 2
109299 -1 1 1 1 0 0 0.577435135841 0.778634786606 11 -11 77.1239471436 25.9548873901 2 2 84.2107315063 20.3501720428 102.570899963 1 0 1 2
140410 1 -1 1 1 0 0 0.935491502285 0.726911664009 -11 11 34.4692649841 25.6760311127 2 2 248.329666138 172.150238037 14.7577934265 3 2 3 3
140455 1 -1 1 1 0 0 0.952278137207 -0.949839711189 -11 11 294.285491943 16.992105484 2 2 144.633956909 60.0757446289 48.6148910522 2 0 2 2
140462 -1 1 1 1 1 0 0.822320044041 0.886210024357 11 -11 108.263618469 31.9325675964 2 2 142.472640991 79.3028182983 100.921104431 3 3 4 2
140489 -1 -1 1 1 0 0 0.77947974205 0.556299090385 11 11 36.4459648132 13.3707857132 2 2 77.3805618286 26.1074085236 85.8792037964 1 0 3 2
140843 -1 1 1 1 0 0 0.951015174389 -0.761822462082 11 -11 73.6955566406 14.9235553741 2 2 118.511276245 92.4767379761 42.0009727478 3 2 6 3
140846 1 -1 1 1 0 0 0.677594304085 0.968992650509 -11 11 55.0668106079 45.9036598206 2 2 49.4217376709 48.8982810974 16.4074935913 2 1 4 3
140884 -1 1 1 1 0 0 0.251460254192 -0.804934203625 11 -11 20.1207923889 15.7128448486 2 2 71.3709564209 174.64414978 48.7911987305 2 2 2 2
178228 1 1 1 1 0 0 0.909760534763 0.884751915932 -11 -11 51.1162071228 43.573135376 2 2 86.6262741089 229.213470459 88.7467498779 4 2 7 2
141603 -1 1 1 1 0 0 0.929960668087 0.817773461342 11 -11 32.8346099854 29.7481498718 2 2 20.1427726746 55.1719856262 58.2793464661 2 2 3 2
141668 1 -1 1 1 0 0 0.373320132494 0.365504860878 -11 11 47.9989051819 26.8657951355 2 2 189.652359009 143.455459595 39.850353241 3 2 6 3
141672 -1 -1 1 1 0 0 0.391077697277 0.0105801224709 11 11 136.463500977 23.9775905609 2 2 56.4008255005 388.057037354 114.140983582 2 1 5 2
144859 -1 1 1 1 0 0 0.894483685493 0.803003013134 11 -11 166.936401367 114.876304626 2 2 184.154602051 34.0029563904 453.294616699 2 2 9 2
144882 1 -1 1 1 0 0 0.927471339703 0.868504941463 -11 11 129.211929321 65.2264328003 2 2 111.499763489 115.92414856 192.513580322 2 1 4 2
175705 -1 1 0 1 0 0 0.77942097187 0.675273537636 11 -11 50.7915840149 31.9839324951 2 2 64.8047790527 75.0358963013 38.9448776245 2 1 4 2
175783 -1 1 1 1 0 0 0.897231340408 0.857326030731 11 -11 77.1434020996 67.0695953369 2 2 17.4297962189 38.1244888306 123.465545654 2 2 3 2
150747 -1 -1 1 1 0 0 0.952017664909 0.44822666049 11 11 29.8683052063 23.8987026215 2 2 180.784515381 222.652862549 17.5745315552 1 1 6 3
186931 1 -1 1 1 0 0 0.548366844654 0.814380526543 -11 11 22.7090606689 20.5197868347 2 2 40.9321517944 60.9907913208 58.18983078 4 3 6 2
163464 -1 -1 1 1 0 0 0.960738778114 0.930239975452 11 11 58.9137077332 52.1175613403 2 2 152.721694946 157.916320801 38.9264984131 3 0 9 3
163478 1 1 1 1 0 0 -0.988878130913 0.872461616993 -11 -11 85.8820877075 29.0605430603 2 2 30.459651947 41.1757316589 55.2876777649 3 2 5 3
173655 -1 -1 1 1 0 0 0.968165040016 -0.947593688965 11 11 75.9611663818 60.4879341125 2 0 110.888977051 87.3887786865 135.193557739 2 1 5 2
175306 -1 1 1 1 0 0 -0.987366914749 -0.95503115654 11 -11 9.13968372345 7.41317462921 2 2 84.6045608521 94.5311126709 1.43599128723 4 3 6 0
175343 -1 1 1 1 0 0 0.769647419453 0.931541204453 11 -11 85.1480636597 21.2624816895 2 2 13.6119613647 39.8926010132 48.7322120667 2 2 4 2
175511 1 1 1 1 0 0 0.706754744053 0.733701825142 -11 -11 44.296875 35.4378967285 2 2 57.2961463928 78.6075363159 78.4895935059 2 0 6 2
172631 -1 1 1 1 0 0 0.389031618834 0.955048620701 11 -11 47.6658630371 45.6505775452 2 2 58.6273269653 31.3663101196 36.1224746704 2 2 3 2
172640 1 -1 1 1 0 0 -0.332384824753 0.508639335632 -11 11 61.3917274475 27.9946403503 2 2 118.208251953 93.7528839111 55.3230857849 1 1 4 2
172648 -1 1 0 1 0 0 0.43247127533 0.875355839729 11 -11 142.106445312 55.8220863342 2 2 99.8954544067 46.1404685974 66.2631454468 2 2 4 2
172649 1 -1 1 1 0 0 0.851622521877 0.924956381321 -11 11 59.4684448242 46.3263206482 2 1 103.841461182 106.97429657 54.5688819885 3 2 3 2
172667 1 -1 1 1 0 0 0.946832954884 0.912062108517 -11 11 63.4942893982 44.3825492859 0 2 59.8830986023 42.8435974121 129.540390015 3 1 5 2
172785 -1 -1 1 1 0 0 0.964442372322 0.554110050201 11 11 161.6040802 17.2391700745 2 2 71.3174667358 85.6759033203 125.680046082 1 0 5 2
172844 1 1 1 1 1 0 0.702024579048 -0.82967376709 -11 -11 96.6771697998 40.7332420349 2 2 156.667312622 220.182434082 76.3448486328 2 2 6 2
12131 1 -1 1 1 0 0 0.156481444836 -0.812642633915 -11 11 23.4382095337 10.2229585648 2 2 125.375839233 117.251167297 28.9745121002 2 2 5 2
29428 -1 1 0 1 0 0 0.857261300087 -0.568305909634 11 -11 43.997718811 25.8561439514 2 2 215.71963501 218.070556641 73.9015655518 5 3 5 2
29478 1 -1 1 1 0 0 0.685001313686 0.0836086794734 -11 11 39.0443954468 31.8754234314 2 0 48.7532310486 63.1284637451 70.3357543945 4 1 6 2
29480 -1 1 1 1 0 1 0.847122430801 0.547485411167 11 -11 82.0681381226 43.1086196899 2 2 134.420852661 183.801589966 76.0184555054 2 2 5 2
51989 -1 -1 1 1 0 0 0.934589326382 0.820638597012 11 11 38.5136413574 32.2515907288 2 0 37.379196167 143.506454468 72.6072387695 1 0 4 2
51991 1 1 1 1 0 0 0.942749977112 0.132586911321 -11 -11 84.8829040527 36.5477676392 2 2 74.3051681519 70.2679138184 37.8536567688 1 1 6 2
15034 1 1 1 1 0 0 0.964719116688 0.854164004326 -11 -11 77.5398025513 32.9374847412 2 2 114.636909485 53.9203414917 82.9859237671 1 1 4 2
68734 1 -1 1 1 0 0 0.939091026783 0.960719406605 -11 11 39.9476203918 35.0671348572 2 2 97.6435546875 68.2405853271 32.5189323425 4 3 4 2
68743 1 -1 1 1 0 0 0.966993927956 0.44021525979 -11 11 39.1034431458 14.7211408615 2 2 120.103988647 98.5052261353 35.1738853455 2 1 3 2
70107 -1 1 1 1 0 0 0.623528003693 0.760451793671 11 -11 155.020614624 47.0261878967 2 2 175.670074463 192.214065552 163.565200806 2 2 5 2
70140 1 -1 1 1 0 0 0.959952712059 0.966760873795 -11 11 201.041946411 23.8565578461 2 2 96.3835525513 174.061462402 136.425033569 4 3 6 2
70160 1 -1 1 1 0 0 0.901086091995 -0.654469370842 -11 11 105.319877625 19.3914089203 2 2 92.3589324951 118.756271362 106.349876404 3 3 4 2
97848 1 -1 1 1 0 0 0.961769342422 0.378818809986 -11 11 75.0628585815 32.0361366272 2 2 36.6963920593 53.550693512 27.6400203705 3 3 7 2
18816 1 -1 1 1 0 0 0.919777691364 -0.880927026272 -11 11 135.497848511 31.637090683 2 2 91.3180923462 58.2947158813 131.278778076 2 2 3 2
18817 -1 1 1 1 0 0 0.894917070866 0.0107222441584 11 -11 38.4396057129 34.2780227661 2 2 74.6052246094 45.0074119568 22.67628479 2 2 2 3
18837 1 -1 1 1 0 0 0.885740280151 0.898781955242 -11 11 99.2695388794 92.7542648315 2 2 67.5529937744 45.999912262 146.888717651 3 3 5 2
26335 1 -1 1 1 0 0 -0.952354311943 -0.412364900112 -11 11 55.4614028931 29.7690601349 0 2 154.342880249 77.9475631714 20.6642417908 2 1 2 4
30205 -1 1 1 1 0 0 0.912678778172 -0.70822840929 11 -11 182.492614746 9.09661865234 2 2 66.3348922729 87.1711959839 83.9448623657 2 2 3 1
30219 -1 1 1 1 0 0 0.872081458569 -0.243045836687 11 -11 120.713119507 16.2231216431 2 2 31.5069446564 61.6760559082 73.0325775146 2 2 4 2
30221 1 -1 1 1 0 0 0.84815466404 0.707334280014 -11 11 61.6639556885 51.8336830139 2 2 49.1515617371 27.8576431274 58.8129920959 2 2 3 2
30227 1 -1 1 1 0 0 0.760699927807 0.966556489468 -11 11 68.6708450317 55.9829864502 2 2 101.162117004 114.782646179 98.833946228 3 3 4 2
30268 1 -1 1 1 0 0 0.3834220469 0.783264040947 -11 11 219.873535156 34.3493309021 2 2 122.126235962 18.1943283081 172.365386963 5 1 8 2
30280 -1 -1 1 1 0 0 0.94576883316 0.264740288258 11 11 100.243095398 21.2299175262 2 2 25.6823959351 52.7265625 108.265113831 1 1 5 2
33813 -1 1 1 1 0 0 -0.787692427635 0.424528539181 11 -11 59.6172294617 46.8615913391 1 0 3.95027542114 27.7719650269 98.6427307129 2 2 2 2
33854 -1 1 1 1 0 0 0.945521593094 0.926636695862 11 -11 67.5894088745 43.2984886169 2 2 101.229011536 119.5103302 124.100349426 3 2 7 2
33859 1 1 1 1 0 0 0.858649432659 -0.739847123623 -11 -11 54.7622032166 21.8666687012 2 2 123.071136475 102.848999023 62.7478065491 3 2 5 2
31064 1 -1 1 0 0 0 0.854922115803 -0.0142811574042 -11 11 56.0789260864 19.1234207153 2 0 79.8586273193 74.5827255249 64.2362060547 2 1 3 2
31075 1 -1 1 1 0 0 -0.98126912117 -0.961923837662 -11 11 92.3104858398 36.4611206055 0 2 33.1823616028 38.9540634155 64.6743240356 4 2 4 3
31119 1 1 1 1 0 0 0.346488565207 -0.611091256142 -11 -11 49.4435653687 19.3331069946 2 2 104.132362366 111.138221741 32.1738586426 2 2 5 2
31122 1 -1 1 1 0 0 0.950593233109 0.542319953442 -11 11 194.776550293 36.7415924072 2 2 32.5161476135 60.6222686768 166.996536255 2 1 4 2
31128 -1 1 1 1 0 0 0.934840500355 0.734254837036 11 -11 61.3189125061 22.332025528 2 2 101.309654236 83.7798080444 58.2585983276 1 0 4 2
31199 -1 1 1 1 0 0 0.816574633121 -0.4978980124 11 -11 80.1469650269 7.10600852966 2 2 29.0913162231 50.27891922 45.5045471191 6 1 7 1
31432 -1 -1 1 1 0 0 -0.978211939335 0.904822826385 11 11 29.7832984924 11.5058898926 2 2 79.62550354 47.3788146973 24.2546367645 2 2 4 2
31437 1 -1 1 1 0 1 0.566433489323 0.536699295044 -11 11 81.8605499268 52.9070701599 0 2 95.8636627197 94.0184936523 74.7820053101 5 1 5 2
31494 -1 1 1 1 0 0 0.920188546181 0.966993927956 11 -11 46.0185317993 39.8571891785 2 2 105.441589355 114.945007324 76.3798751831 3 2 3 2
31535 1 -1 1 1 0 0 0.0378246977925 0.713913440704 -11 11 45.171585083 26.9801025391 2 2 160.180389404 145.662124634 63.490070343 3 3 4 2
31550 1 1 1 1 0 0 -0.839405953884 0.832363903522 -11 -11 174.070388794 67.3254776001 2 0 125.88923645 90.493019104 171.825119019 2 2 4 2
31564 1 -1 1 1 0 0 0.864496946335 -0.0615503229201 -11 11 63.3115234375 23.6335506439 2 2 75.3566131592 59.2877006531 52.6496391296 3 3 6 2
31581 -1 1 1 1 0 0 0.865380585194 0.791330218315 11 -11 90.6069793701 58.4132118225 0 2 117.260414124 77.3784637451 35.5268325806 0 0 4 2
31595 -1 1 1 1 0 0 -0.369767695665 0.235946074128 11 -11 22.2070484161 8.32846641541 2 2 151.189941406 103.196868896 25.2099990845 1 1 2 1
54734 1 -1 0 1 0 0 0.643227040768 0.340029120445 -11 11 83.9239730835 82.8861541748 2 2 98.4033584595 15.0187292099 40.8474502563 2 1 5 3
54748 1 -1 1 1 0 0 0.94158244133 0.878725528717 -11 11 47.4980659485 28.0543823242 2 2 108.460517883 109.584884644 66.3953857422 3 2 4 2
54768 1 -1 1 1 0 0 -0.240074276924 0.839532077312 -11 11 80.9271011353 20.1870689392 2 2 380.58895874 430.939605713 74.1166763306 3 1 7 2
87204 1 -1 1 1 0 0 0.965018093586 0.388724595308 -11 11 62.1098365784 57.347492218 2 2 63.7650794983 61.2665596008 79.8849716187 3 1 4 2
87278 1 -1 1 1 0 0 0.287503063679 0.537037491798 -11 11 37.5571556091 34.2658729553 2 2 63.859413147 45.7353439331 136.449737549 3 1 6 2
87288 -1 1 1 1 0 0 -0.316673576832 0.878451764584 11 -11 131.952346802 43.3067054749 2 1 64.5207595825 67.0645980835 179.222961426 3 1 4 2
87298 -1 1 0 1 1 0 -0.413087666035 0.939512252808 11 -11 116.687858582 49.5134849548 2 2 151.85333252 138.966888428 69.026550293 2 2 5 2
87354 -1 -1 1 1 0 0 0.970463037491 0.178224682808 11 11 132.587631226 30.9943084717 2 2 85.7524871826 167.027786255 117.336349487 2 1 4 2
87377 -1 1 1 1 0 0 0.760031998158 0.0914113372564 11 -11 24.9355964661 13.3492136002 2 2 51.3097686768 87.9281387329 37.6108779907 2 1 6 2
58639 -1 1 1 1 0 0 0.867559552193 -0.00588771188632 11 -11 107.370513916 20.0440292358 2 2 158.401489258 151.074478149 14.8141441345 3 2 8 2
58667 1 -1 1 1 0 0 0.893370985985 0.967142939568 -11 11 133.296478271 77.3736190796 2 2 362.482391357 353.192382812 200.072113037 6 6 9 2
58682 1 1 0 1 0 0 0.916072130203 -0.976846933365 -11 -11 75.0838775635 41.3821716309 2 2 60.7970275879 112.378593445 72.3549499512 2 1 3 3
67487 1 -1 1 1 0 0 0.893140971661 0.929448485374 -11 11 125.375686646 69.5010528564 2 2 40.7324943542 101.107528687 153.310256958 2 1 3 2
68324 1 1 1 1 0 0 0.97432911396 0.953972637653 -11 -11 46.1666793823 33.2696647644 2 2 133.046691895 106.121925354 62.2125740051 2 2 7 2
68347 -1 1 1 1 0 0 0.941411852837 0.87546056509 11 -11 39.1832618713 35.7088279724 2 2 48.3379898071 14.5664663315 88.9388427734 2 0 4 2
68382 -1 1 1 1 0 0 0.890686988831 0.515461266041 11 -11 75.8989334106 39.5085411072 2 2 5.09208059311 22.7527694702 114.964149475 2 2 4 2
94600 -1 1 1 0 0 0 0.920290708542 0.621265232563 11 -11 49.8097229004 35.250328064 2 1 26.8525276184 48.0244445801 91.1243286133 3 2 4 2
117905 -1 -1 1 1 0 0 -0.0735645741224 0.855755269527 11 11 81.7086029053 18.9307670593 2 2 177.368164062 209.528533936 40.6581115723 4 2 5 2
117918 -1 -1 1 1 0 0 0.920872449875 0.528857409954 11 11 108.80153656 44.8990097046 2 2 187.532211304 165.804458618 138.363006592 2 2 5 2
117927 -1 1 1 1 0 0 0.93367433548 -0.309002518654 11 -11 66.0679244995 21.5756855011 2 2 56.3235092163 37.9262695312 46.4003868103 2 1 6 2
117944 -1 1 1 1 0 0 0.761729598045 0.935491502285 11 -11 102.667510986 71.6162185669 0 2 120.455558777 45.426940918 311.685699463 1 1 3 2
132594 -1 1 1 1 0 0 0.944379925728 0.912542819977 11 -11 73.1615447998 47.3553886414 2 2 87.3690490723 97.8240127563 50.3162384033 2 1 4 2
149144 -1 1 1 1 0 0 0.85181337595 0.0949750095606 11 -11 48.0924415588 36.0581359863 2 1 110.980712891 112.305595398 76.4584579468 3 0 6 2
149147 1 -1 1 1 0 0 0.889166235924 -0.0958394855261 -11 11 65.329246521 44.2827796936 2 2 84.9585418701 21.7735099792 165.308883667 1 0 4 2
149197 -1 -1 1 1 0 1 0.905935227871 -0.0389375723898 11 11 48.4192314148 17.9454650879 2 0 114.906944275 106.448455811 42.2766227722 3 1 6 2
132302 -1 1 1 1 0 0 0.782830297947 0.367078512907 11 -11 53.347026825 10.5767564774 2 2 175.150161743 145.118911743 55.4431686401 1 1 5 2
132338 -1 -1 1 1 0 0 0.886775970459 0.865538418293 11 11 70.7602233887 17.7823143005 2 2 82.0769271851 43.9540176392 9.2792224884 2 1 6 2
132372 1 -1 1 1 0 0 0.970817089081 0.967021226883 -11 11 95.4870223999 92.3031692505 2 2 103.973388672 85.0081710815 189.699584961 3 2 3 2
135109 1 -1 1 1 0 0 0.95136320591 -0.899864792824 -11 11 73.3787307739 42.4244117737 2 2 102.702323914 67.0392379761 89.8397064209 2 2 6 2
135129 -1 1 1 1 0 0 -0.440418332815 -0.0786804407835 11 -11 18.2067260742 12.8373603821 2 2 39.0734939575 10.9148311615 25.948682785 4 2 6 2
135509 1 -1 1 1 0 0 0.596293568611 0.0617273934186 -11 11 26.522441864 22.5506649017 2 2 12.854136467 82.478553772 67.6357116699 3 2 5 2
135533 1 -1 1 1 0 0 0.94269746542 0.902950167656 -11 11 89.2040328979 59.0731735229 2 2 51.8943862915 56.4408416748 83.8734436035 1 1 6 2
135579 -1 1 1 1 0 0 0.927320539951 0.894977390766 11 -11 79.1871948242 32.8387374878 2 2 145.143936157 107.656547546 126.899024963 2 1 3 2
135594 1 -1 1 1 0 0 -0.989425837994 -0.912367641926 -11 11 28.5436630249 17.2557487488 2 2 71.2603378296 83.5559844971 2.14564776421 4 1 6 2
143546 -1 1 1 1 0 0 -0.84499001503 0.537762105465 11 -11 29.0908718109 25.9110393524 2 2 38.9272727966 71.0193481445 42.7421073914 1 0 6 2
143579 1 -1 1 1 0 0 0.926728785038 0.944621682167 -11 11 105.205558777 59.8696899414 2 2 78.2799682617 130.735900879 144.854873657 2 1 4 2
143580 1 -1 1 1 0 0 0.141388565302 0.807146906853 -11 11 240.435836792 13.9161930084 0 2 86.9840164185 28.9970188141 108.220787048 2 1 4 2
159207 1 1 1 1 0 1 0.522653162479 -0.907793998718 -11 -11 168.619033813 18.204076767 0 1 22.7805175781 102.938796997 116.767463684 4 2 7 2
159239 1 -1 1 1 0 0 0.873380422592 0.931168019772 -11 11 81.7749938965 22.7494678497 2 2 118.519699097 98.4009933472 72.8442306519 4 3 5 2
159256 -1 1 1 1 0 0 0.959194719791 0.920753955841 11 -11 32.5562438965 29.9925327301 2 2 58.0116500854 57.5920524597 68.9220046997 1 0 2 2
164005 -1 1 1 1 0 0 0.879868447781 -0.588246285915 11 -11 173.042129517 23.0903358459 0 2 145.01965332 75.4558868408 125.498420715 3 1 5 2
164011 -1 1 1 1 0 0 -0.345241904259 0.157078281045 11 -11 143.124755859 71.8211746216 2 2 44.0139884949 68.4432220459 427.72277832 2 1 8 2
164024 1 1 1 1 0 0 0.961949527264 -0.848760426044 -11 -11 97.2666244507 14.9257459641 2 2 60.9962768555 74.7171630859 85.4854278564 1 1 6 2
164028 1 -1 1 1 0 0 0.207835167646 0.605977535248 -11 11 40.3439064026 31.6085987091 2 2 88.558380127 90.0993881226 56.5440864563 2 2 6 2
164045 1 -1 1 1 0 0 0.91658860445 0.951385855675 -11 11 164.279449463 70.0730743408 2 2 130.275741577 91.3089065552 49.4811172485 2 1 7 3
164057 -1 -1 1 1 0 0 0.799224257469 0.944067597389 11 11 44.5529556274 28.5783996582 2 2 94.3361282349 136.060272217 88.3792037964 2 2 8 2
164087 1 1 1 1 0 0 0.926168859005 -0.977940142155 -11 -11 27.3428230286 22.6998672485 2 2 37.6481933594 10.9056310654 24.8886013031 2 2 4 2
37840 -1 1 1 1 0 0 0.954662501812 0.628010571003 11 -11 67.0353775024 39.9366722107 2 2 69.2097167969 117.587463379 184.335510254 2 1 3 2
87741 1 -1 1 1 0 0 0.942459762096 -0.465334266424 -11 11 74.1550064087 39.5385093689 2 2 31.9589748383 30.7708530426 101.820625305 3 3 6 2
87772 -1 1 1 1 0 0 -0.00603367062286 0.0266187861562 11 -11 16.6865978241 12.4425506592 2 2 87.2614746094 67.9185562134 126.369682312 3 2 4 2
99211 -1 1 1 1 0 0 0.643304646015 0.345876395702 11 -11 58.8317222595 19.9306182861 2 2 93.4208297729 79.618560791 9.40039634705 3 2 6 2
99242 1 -1 1 1 0 0 0.944380223751 -0.6164457798 -11 11 47.0877876282 19.7717113495 2 2 37.6809616089 16.8996276855 36.417427063 2 2 5 2
99291 1 -1 1 1 0 0 0.971273183823 0.0539441891015 -11 11 265.706054688 16.1023654938 2 2 69.1100006104 47.2512245178 33.7503814697 2 1 6 3
107514 -1 -1 1 1 0 0 0.786247968674 0.957166433334 11 11 33.1344642639 29.3482398987 2 2 140.14201355 104.058166504 17.23072052 3 3 6 3
107532 -1 -1 1 1 0 0 0.926371455193 0.962075054646 11 11 304.777618408 45.0069465637 2 2 65.6660690308 295.517578125 243.983016968 2 1 4 2
107559 1 -1 1 1 0 0 -0.690686523914 -0.750312328339 -11 11 65.9042663574 40.8608818054 2 2 25.7646160126 109.234100342 36.6984710693 3 0 3 2
93110 1 -1 1 1 0 0 0.300775498152 0.910902380943 -11 11 49.0277748108 29.2370758057 2 2 159.676956177 129.347290039 67.1231307983 3 2 6 2
93111 -1 1 1 1 0 0 0.941298365593 0.919839382172 11 -11 72.0994796753 31.6270465851 2 2 103.33556366 99.5827713013 48.4087295532 3 2 3 2
93145 -1 1 1 1 0 0 0.952770233154 0.889067411423 11 -11 186.649307251 89.9261932373 2 2 151.321243286 247.523422241 336.647094727 1 1 2 2
93234 1 1 1 1 0 0 0.94432258606 -0.411748766899 -11 -11 37.1105957031 35.9271736145 2 2 94.4959259033 94.6967849731 57.0270805359 1 0 4 2
93248 -1 1 1 1 0 0 0.2496560812 0.501594364643 11 -11 82.1089401245 12.0584030151 2 2 121.175193787 117.685409546 19.1788425446 2 1 4 3
93282 -1 1 1 1 0 0 0.91601896286 0.959233105183 11 -11 96.4518051147 52.3059387207 2 2 45.0276412964 60.2637176514 31.9449520111 1 0 1 3
93283 -1 1 1 1 0 0 0.909985363483 0.87465929985 11 -11 208.522293091 156.490005493 0 2 165.329391479 156.773681641 370.519317627 3 2 4 2
93297 -1 1 1 1 0 0 0.952830135822 0.288238793612 11 -11 110.704444885 16.9543628693 2 2 45.249370575 66.9640350342 86.3584213257 2 2 4 2
93419 1 -1 0 1 0 0 -0.243269652128 -0.244508907199 -11 11 54.0254974365 25.9480113983 2 2 73.819694519 66.0868835449 14.0844688416 2 1 3 2
93473 1 -1 1 1 0 0 0.96908313036 0.864375948906 -11 11 55.9231109619 20.194185257 2 2 98.7985076904 97.9744110107 55.5202217102 2 1 4 2
107003 -1 1 1 1 0 0 0.885461330414 0.1236352548 11 -11 26.4517536163 9.15854549408 2 2 158.984176636 176.086303711 47.5663032532 2 0 5 1
107014 1 1 1 1 0 0 0.65070605278 0.909411609173 -11 -11 30.3443241119 27.4803466797 2 2 66.4748306274 35.4183349609 10.8692016602 2 1 4 3
107049 -1 1 0 1 0 0 0.695104658604 0.970136225224 11 -11 66.2810745239 59.1929664612 2 2 45.1534729004 36.8876228333 123.611328125 1 0 1 2
107087 1 -1 1 1 0 0 0.950443327427 -0.186090171337 -11 11 112.582809448 11.8181362152 2 2 52.0803985596 39.6991653442 82.3185272217 3 1 5 2
50522 1 -1 1 1 0 0 0.863537549973 0.942108333111 -11 11 49.5635185242 30.6720428467 2 2 40.8199691772 30.5768871307 28.7484741211 1 1 7 3
80726 -1 1 1 1 0 0 0.174804136157 -0.76684898138 11 -11 17.5537071228 13.0870885849 2 2 18.9914245605 94.1716842651 30.3399543762 6 2 6 2
80764 1 1 1 1 0 0 0.725564837456 0.547448158264 -11 -11 22.7210884094 20.1763496399 2 2 68.7325515747 87.4005737305 54.146774292 3 2 6 2
120516 -1 1 1 1 0 0 0.385272443295 -0.213368028402 11 -11 44.1800842285 29.4374389648 2 2 107.215789795 183.173461914 14.3590526581 1 1 3 2
120537 1 -1 1 1 0 0 0.935491502285 0.893934607506 -11 11 43.7897033691 28.2820644379 2 2 75.2682495117 89.7619934082 30.6132984161 1 1 5 4
120546 1 1 1 1 0 0 -0.956821262836 0.201506391168 -11 -11 25.1916332245 19.7429141998 2 2 72.711227417 44.3522529602 22.3910446167 1 1 4 2
145222 -1 1 1 1 0 0 0.763321459293 0.628891646862 11 -11 141.316574097 103.325691223 2 2 53.0749588013 87.8486175537 138.364273071 2 1 3 2
145271 -1 1 1 0 0 0 0.904502868652 0.864724695683 11 -11 65.6604232788 36.261756897 2 0 68.8131561279 18.5350131989 61.2801094055 5 1 7 2
70627 -1 1 0 1 0 0 -0.894267261028 0.690651416779 11 -11 23.9419078827 17.5655975342 2 2 75.9417190552 34.4253044128 88.8901062012 4 3 7 2
70635 -1 -1 1 1 0 0 0.287260174751 0.960479736328 11 11 59.9647636414 42.873966217 2 2 15.9708137512 18.3248195648 21.8011264801 2 2 2 4
70656 -1 1 1 1 0 0 -0.691512107849 0.925609469414 11 -11 65.1048049927 33.0443992615 2 2 25.8753204346 134.528060913 47.5441474915 3 2 5 2
73136 1 -1 1 1 0 0 0.970810651779 -0.136061027646 -11 11 141.697433472 10.4426898956 2 2 66.0643005371 50.6185493469 96.3369140625 3 1 6 2
81421 -1 1 1 1 0 0 0.720697522163 0.858323097229 11 -11 74.1414489746 41.9517326355 2 2 41.4859886169 103.420669556 36.370639801 4 2 6 2
81434 -1 1 1 1 0 0 0.917795717716 0.916314959526 11 -11 62.2991065979 49.440071106 2 2 51.2679901123 23.0855350494 125.804420471 1 0 3 2
81473 -1 1 1 1 0 0 0.89681494236 -0.0711985677481 11 -11 42.6060066223 20.4314098358 2 2 38.4691581726 83.7936553955 39.3746566772 2 2 9 2
118549 1 -1 1 1 0 0 -0.536401987076 -0.982661902905 -11 11 42.0767707825 8.17922973633 2 2 57.1005554199 112.764724731 5.83680725098 2 0 5 1
118565 1 -1 1 1 0 0 -0.506932795048 0.925197482109 -11 11 70.6308059692 39.9941291809 2 2 182.464401245 238.588867188 33.4083747864 3 1 7 2
76004 1 -1 1 1 0 0 0.957964301109 0.152621403337 -11 11 108.002784729 30.2310447693 2 2 116.387794495 69.5620956421 91.3266601562 3 1 6 2
76025 1 1 1 1 0 0 0.841156065464 -0.540906250477 -11 -11 75.5044174194 26.1666431427 0 2 76.7384643555 81.2673568726 91.9782714844 2 1 4 2
76320 -1 1 1 1 0 1 0.914151489735 0.494597136974 11 -11 45.8422813416 33.0597343445 2 2 133.667663574 153.140075684 16.2166728973 3 2 6 2
76346 -1 -1 1 1 0 0 0.899625062943 -0.97709441185 11 11 64.2340011597 57.1253738403 2 2 61.9883117676 26.1634235382 127.680900574 1 0 2 2
76353 1 -1 1 1 0 0 0.810639083385 -0.297732919455 -11 11 24.166015625 13.9082193375 2 2 131.509872437 81.0586776733 23.7063827515 2 1 3 2
91318 -1 1 1 1 0 0 -0.177270576358 0.903170645237 11 -11 102.993774414 76.1568908691 2 2 114.404449463 62.4423408508 57.6876373291 3 0 5 3
91324 -1 1 1 1 0 0 0.964297473431 -0.451207578182 11 -11 54.7096252441 25.9854812622 2 2 62.5435409546 43.2442398071 92.7051773071 4 2 9 2
91330 1 -1 1 1 0 0 -0.98053586483 0.704453587532 -11 11 143.442443848 111.99697876 2 2 45.3742370605 43.8587684631 104.81716156 2 2 4 2
102335 1 1 1 1 0 0 -0.514558017254 0.943825721741 -11 -11 58.5571136475 47.1823387146 2 2 89.2050933838 91.8019332886 116.138496399 4 1 6 2
102344 -1 -1 1 1 0 0 0.922310590744 0.710413575172 11 11 154.867889404 9.04139328003 2 2 96.2792434692 120.871986389 44.482006073 2 1 5 1
102376 1 -1 1 1 0 0 0.802946925163 0.957010686398 -11 11 50.4643669128 32.8819122314 2 2 138.459350586 115.335823059 80.9874038696 3 1 6 2
102396 1 1 1 1 0 0 0.57367503643 -0.587843596935 -11 -11 82.5893325806 35.3426589966 2 2 219.814575195 82.3145217896 17.5858020782 2 2 6 3
83995 1 -1 0 1 0 0 0.813955962658 0.937690794468 -11 11 52.3340873718 36.8097915649 2 2 166.493240356 216.161300659 84.9775238037 1 1 4 2
84307 -1 1 1 0 0 0 0.38872346282 0.802652060986 11 -11 61.2276649475 51.5771026611 2 2 57.4771194458 70.2032623291 132.174835205 1 0 4 2
84363 -1 1 1 1 0 0 0.967065870762 0.930148482323 11 -11 79.2071685791 53.1703987122 2 2 50.7855911255 50.6723594666 51.0682106018 3 1 3 2
84387 -1 -1 1 1 0 0 0.447955876589 -0.87023961544 11 11 37.2471504211 27.729473114 2 2 57.3269729614 108.674087524 35.9542541504 2 0 6 3
84411 -1 -1 1 1 0 0 0.966241359711 -0.88058000803 11 11 109.125228882 40.4699249268 2 2 64.9336166382 37.2251739502 145.92225647 3 1 8 2
84425 -1 1 1 1 0 0 0.914338886738 0.389155000448 11 -11 134.402252197 34.269443512 2 2 152.899032593 138.320175171 132.554580688 2 1 4 2
84456 1 1 1 1 0 0 0.957572877407 0.965103328228 -11 -11 182.393753052 70.4950485229 2 2 48.1790275574 36.59582901 227.567977905 1 1 2 2
84486 -1 -1 1 1 0 0 0.0251777917147 0.503340244293 11 11 19.2518215179 10.9387741089 2 2 48.0884056091 13.3294715881 16.8636054993 1 1 2 2
85310 -1 1 1 1 0 0 0.948221683502 0.0930498540401 11 -11 46.732170105 41.3752479553 2 2 185.157470703 148.280471802 155.575057983 1 1 6 2
85379 1 1 1 1 0 0 0.947881579399 0.959978044033 -11 -11 162.430526733 132.422180176 2 2 103.417320251 116.234573364 63.5927581787 2 2 2 3
86009 -1 1 1 1 0 0 -0.282012999058 -0.950703561306 11 -11 34.0163841248 9.77430820465 2 2 117.799957275 116.808586121 47.9638175964 3 1 3 1
86024 -1 1 1 1 0 0 0.574550509453 0.0973878353834 11 -11 99.7507858276 32.7795753479 2 2 76.1857376099 126.307800293 25.9379177094 2 1 6 2
86034 -1 1 1 1 0 0 0.942074656487 0.827512741089 11 -11 34.052444458 20.4343204498 2 2 125.977233887 90.8021850586 125.361671448 3 1 5 2
86052 1 1 1 1 0 0 0.942997932434 0.133433103561 -11 -11 42.4842376709 23.4591770172 2 2 25.6810779572 91.7005844116 62.3518104553 2 1 6 2
86084 1 -1 0 1 1 1 0.486849278212 -0.514605641365 -11 11 189.490768433 33.4211273193 0 2 51.2347793579 51.333530426 28.979309082 2 1 5 3
86089 1 -1 1 1 0 0 0.704078793526 0.372065871954 -11 11 63.0978355408 20.0416278839 2 2 177.773284912 173.5103302 32.2677459717 2 2 3 2
139441 -1 1 1 1 0 1 0.971019327641 0.848110198975 11 -11 47.517036438 44.3390388489 2 2 63.5670623779 67.513923645 47.6688423157 3 2 6 2
139496 -1 1 1 1 0 0 0.93311804533 -0.688098549843 11 -11 109.475898743 19.3947715759 2 2 40.641620636 45.8470573425 74.5991516113 2 1 8 2
94013 -1 1 1 1 0 0 0.937224805355 0.676202833652 11 -11 78.8943481445 26.6271152496 2 2 36.3207511902 42.8971176147 37.7558135986 0 0 1 2
94044 1 -1 1 1 0 0 0.587132275105 0.892403423786 -11 11 153.332427979 98.2408981323 2 2 270.753082275 357.900146484 108.25693512 1 0 3 3
94072 -1 1 1 1 0 0 0.768013358116 -0.981976866722 11 -11 115.256095886 61.2174339294 2 0 64.907371521 88.9873886108 66.7923049927 2 1 5 2
181109 1 1 1 1 0 0 0.749685764313 0.848422884941 -11 -11 16.8483543396 15.2651700974 2 2 185.468521118 179.01109314 7.34581375122 1 0 8 2
181139 1 -1 1 1 0 0 0.885744512081 -0.765308022499 -11 11 55.6097412109 16.9213161469 2 2 41.4249458313 66.2609024048 41.4603843689 3 3 7 2
181182 1 -1 1 1 0 0 0.864127218723 0.835735321045 -11 11 99.0113220215 84.7353744507 2 2 148.261810303 147.509063721 360.394165039 2 1 4 2
121204 -1 1 1 1 0 0 0.912577807903 -0.0175995640457 11 -11 110.968452454 102.372299194 2 2 171.765060425 79.5146484375 225.698455811 2 1 7 2
121239 1 1 1 1 0 0 0.848167061806 0.513717591763 -11 -11 156.882965088 87.8136978149 2 2 77.6201934814 116.854202271 264.722106934 1 1 5 2
121299 -1 1 1 1 0 1 -0.077322922647 -0.879887580872 11 -11 32.4407691956 7.92919397354 2 2 47.5519180298 68.7245254517 47.3418006897 3 2 3 1
121852 -1 -1 1 1 0 0 0.557190656662 0.940582334995 11 11 49.7434959412 36.4649238586 2 2 34.3358688354 105.333129883 24.3796920776 3 1 3 3
132149 -1 1 1 1 0 0 0.953518629074 0.367982208729 11 -11 119.786697388 25.9575939178 2 2 97.2551727295 78.273223877 115.627204895 4 4 4 2
132163 1 -1 0 1 0 0 0.172491207719 0.577861070633 -11 11 49.9665336609 23.1042823792 0 2 43.5770263672 41.1204528809 88.5941696167 1 1 6 2
160341 1 -1 1 1 0 0 0.968568265438 0.855981111526 -11 11 89.0825195312 46.467300415 2 2 109.932312012 96.6290969849 60.9398117065 2 0 4 2
160379 1 -1 1 1 0 0 0.484263092279 -0.837322235107 -11 11 63.5220184326 60.3224143982 2 2 69.0796508789 102.213569641 34.0341796875 3 2 8 2
160399 -1 1 1 1 0 0 0.833749771118 -0.0430194586515 11 -11 20.0427436829 19.9989719391 2 2 156.378601074 177.902526855 31.2629356384 2 1 6 2
132413 1 -1 1 1 0 1 0.235202774405 0.400135248899 -11 11 24.4228382111 12.7194976807 2 2 56.6680908203 52.714099884 28.7858409882 4 1 7 2
132432 -1 -1 1 1 0 0 0.106007426977 -0.773547172546 11 11 21.3551197052 13.1868991852 2 2 105.298576355 188.8074646 24.2785015106 4 2 5 2
132466 -1 1 1 1 0 0 0.912471175194 -0.294894427061 11 -11 100.249908447 8.46533966064 2 2 61.4392433167 235.137115479 53.5824203491 3 1 5 1
132473 1 1 1 1 0 0 0.955168128014 -0.330987334251 -11 -11 104.100204468 24.15391922 1 2 3.38380217552 5.4145860672 21.3700733185 2 1 5 2
147301 -1 1 0 1 0 1 0.931281864643 -0.906632423401 11 -11 81.4768447876 10.8304109573 2 2 146.556732178 94.6488494873 67.5205459595 3 1 3 2
147323 -1 1 1 1 0 0 0.913283705711 0.821855902672 11 -11 100.498603821 33.9526939392 2 2 14.8008136749 52.4119682312 17.4303531647 2 1 4 2
147360 -1 1 1 1 0 0 0.15839625895 0.694972813129 11 -11 22.0934371948 18.3019275665 2 2 130.111129761 112.061836243 41.0705909729 1 1 5 2
147367 -1 1 1 1 0 0 0.67788618803 -0.620040774345 11 -11 158.969482422 22.5752906799 2 2 80.0029220581 62.9539604187 186.57862854 3 2 7 2
150199 -1 -1 1 1 0 0 0.957691848278 0.758178293705 11 11 78.2712936401 20.3823413849 2 2 73.7745056152 133.737686157 53.5899772644 2 1 4 2
134366 -1 1 1 1 0 0 0.72400033474 -0.646441876888 11 -11 71.1135940552 13.3679895401 2 2 87.9422683716 94.5537109375 76.8212585449 3 3 5 2
137481 -1 1 1 1 0 0 0.551710963249 0.745454907417 11 -11 32.1209220886 19.5619716644 2 2 32.2013206482 63.3851203918 51.6872520447 3 1 8 2
145115 1 1 1 1 0 0 -0.268189936876 -0.960749745369 -11 -11 14.1796216965 8.54663562775 2 2 70.7771682739 80.7119140625 48.2465324402 4 3 5 1
145170 1 -1 1 1 0 0 0.826433062553 0.782576680183 -11 11 33.3597297668 30.4648971558 2 2 211.570480347 337.548980713 17.3397274017 2 0 4 2
145195 -1 -1 1 1 0 0 0.935487926006 0.546790421009 11 11 69.9400177002 26.4946670532 2 2 87.0923156738 67.2367782593 71.0693740845 3 0 5 2
152746 -1 1 1 1 0 0 0.904936671257 0.971015274525 11 -11 47.8803710938 43.4428367615 2 2 102.950508118 150.265914917 93.8127822876 1 1 2 2
152751 1 -1 1 1 0 0 0.95213329792 0.709267556667 -11 11 193.186050415 24.8631763458 2 2 127.773323059 85.4691619873 82.8569793701 3 2 6 2
152758 -1 1 1 1 0 0 0.424367338419 0.78785276413 11 -11 73.2498016357 26.1620674133 2 2 212.855789185 185.913452148 90.9526519775 2 2 4 2
168725 -1 -1 1 1 0 0 0.95570486784 0.751572906971 11 11 88.3897323608 27.8123493195 2 2 161.860931396 169.897674561 57.2105178833 4 1 7 2
168733 -1 -1 1 1 0 0 0.859518766403 0.661627709866 11 11 23.2084941864 13.6964950562 2 2 104.910621643 70.0598373413 46.598903656 1 1 1 2
196101 1 -1 1 0 0 0 0.952830135822 0.345087468624 -11 11 123.189628601 19.7384815216 2 2 99.2828292847 66.4865341187 33.5502624512 3 3 5 3
90450 1 -1 1 1 0 0 -0.689313292503 0.95324742794 -11 11 73.5880813599 71.2358703613 0 2 46.5570716858 191.003250122 115.725646973 2 1 7 2
111210 -1 -1 1 1 0 0 0.883252382278 -0.295617371798 11 11 37.7991256714 14.0911140442 2 2 69.0804901123 34.7200393677 11.3822917938 1 0 6 3
111232 1 -1 1 1 0 0 -0.514439165592 0.919170081615 -11 11 45.2222213745 32.2931404114 2 2 29.1176452637 46.1927604675 48.438457489 3 0 4 2
111251 -1 1 1 1 0 0 0.951946794987 0.905893683434 11 -11 61.2839241028 21.3986320496 2 2 109.73563385 114.438598633 72.271812439 1 1 5 2
111712 -1 1 1 1 0 0 0.972459077835 0.930239975452 11 -11 64.3307647705 55.0296211243 2 2 33.8568611145 48.4496765137 122.001678467 3 2 4 2
194921 -1 1 1 1 0 0 0.890544891357 0.918240487576 11 -11 46.5236053467 31.221414566 2 2 82.0795059204 22.6390609741 28.2906990051 3 3 5 2
194950 -1 1 1 1 0 0 0.966497838497 0.945255219936 11 -11 93.1559371948 61.8653831482 2 2 38.0269317627 45.5750007629 151.304428101 0 0 3 2
194999 -1 1 1 1 0 0 -0.352235376835 0.770549595356 11 -11 49.839630127 21.6877307892 2 2 80.5004272461 92.1707458496 103.433181763 2 1 3 2
